4462
-1
1895
-1
-1
-1
-1
9916
8269
-1
2030
-1
5234
-1
-1
-1
-1
906
-1
1695
5913
9465
4208
-1
2326
9584
8975
-1
-1
4417
5103
-1
-1
8423
-1
-1
9878
4826
-1
669
-1
268
2286
9375
-1
4650
-1
5307
-1
-1
1981
4972
3098
-1
5743
-1
-1
-1
4705
697
7764
-1
9297
-1
-1
8894
3103
-1
7749
-1
-1
7193
4350
-1
1374
-1
5160
-1
1052
9603
-1
-1
8871
7615
-1
7820
-1
6188
-1
-1
4332
8418
1868
-1
1443
-1
-1
-1
-1
-1
-1
-1
529
-1
-1
9528
6712
-1
3745
4963
-1
6517
-1
3400
-1
1752
-1
8653
-1
-1
-1
2634
6758
-1
-1
9869
-1
-1
-1
-1
-1
1591
-1
-1
-1
-1
-1
6873
5027
3237
-1
282
-1
8638
-1
8499
-1
-1
-1
-1
-1
6707
2119
-1
-1
-1
2502
4779
-1
-1
-1
9991
-1
-1
3547
-1
-1
1380
-1
6785
-1
-1
-1
-1
3266
-1
5864
-1
6694
2163
-1
-1
-1
-1
-1
-1
-1
-1
-1
-1
9928
-1
6279
3321
544
-1
2998
-1
-1
9561
7395
3066
-1
4433
-1
-1
-1
4908
9361
-1
-1
-1
1704
-1
3219
-1
2426
6926
-1
-1
716
2401
-1
2078
3763
-1
2493
9577
5674
7797
-1
-1
7513
9462
-1
-1
6459
9033
-1
8227
5278
-1
9058
-1
-1
1542
5358
3080
-1
843
3455
-1
1516
-1
72
9938
-1
8453
9418
-1
-1
4341
-1
2746
-1
5610
4791
1319
-1
3042
-1
6593
6078
394
-1
-1
-1
3939
8771
-1
5115
-1
-1
9389
-1
-1
398
8553
-1
-1
2334
-1
271
-1
6629
-1
-1
-1
-1
-1
9925
3355
-1
-1
2166
-1
-1
1422
-1
-1
-1
-1
-1
-1
2922
3287
4919
1805
5818
2031
-1
-1
4907
712
3229
-1
-1
-1
6413
689
-1
475
2525
-1
-1
2483
-1
2569
-1
2313
-1
-1
7001
-1
-1
1460
-1
1332
-1
-1
-1
6685
5306
2214
323
7023
3244
-1
-1
-1
6473
-1
-1
5819
-1
1272
-1
3761
-1
8043
-1
-1
2908
-1
-1
-1
8987
-1
-1
-1
-1
-1
-1
9701
3085
7318
-1
3005
-1
-1
-1
1997
160
-1
-1
-1
7054
7303
6656
-1
-1
2629
-1
-1
4449
-1
-1
2303
-1
-1
-1
509
-1
-1
-1
6251
4098
7308
-1
3336
4248
3413
-1
1148
2433
-1
2469
-1
-1
7192
163
3507
-1
8946
5089
8698
1848
-1
3817
2981
-1
9728
7703
3806
-1
8642
-1
8739
5362
2526
4847
-1
3370
9244
5413
6297
-1
-1
-1
7059
-1
-1
1624
3549
-1
-1
2692
9863
-1
-1
-1
1869
-1
2527
-1
-1
3832
-1
-1
-1
-1
1424
-1
3661
7999
9648
3285
-1
-1
-1
7352
-1
-1
-1
-1
-1
3391
-1
-1
-1
3935
1045
2349
6806
-1
4934
4308
-1
-1
-1
-1
3135
7640
-1
9432
6178
6955
-1
2431
-1
-1
-1
855
-1
-1
8321
3215
-1
-1
3754
5622
8761
3288
2901
-1
-1
9927
7492
9016
-1
5563
-1
1000
8378
6513
916
7477
-1
-1
-1
-1
-1
180
-1
-1
-1
3656
2481
5029
-1
3303
4690
4194
-1
637
7805
-1
4297
5958
-1
-1
2040
-1
-1
241
-1
6635
-1
5127
1784
7813
6675
-1
999
3191
3884
-1
7542
1349
-1
-1
2363
6939
3996
-1
244
5179
-1
-1
-1
-1
-1
-1
-1
-1
-1
-1
7298
-1
5006
-1
-1
5971
-1
8657
233
8885
-1
2607
3978
872
1589
-1
4645
-1
3899
286
-1
-1
876
-1
3456
8058
-1
6257
-1
-1
-1
589
8371
-1
-1
8905
-1
2661
-1
8753
-1
-1
-1
7533
-1
5486
2863
-1
-1
3426
5863
-1
-1
8062
5710
8991
-1
7871
5746
-1
7110
9331
9220
7604
2877
8168
-1
2491
5957
5007
3406
3476
6398
-1
7100
-1
8940
-1
8246
706
8233
2603
-1
6409
4469
23
1330
7429
-1
8868
925
-1
-1
1012
1688
-1
-1
4084
6388
-1
-1
-1
4579
2802
1122
-1
-1
624
6231
-1
-1
-1
-1
3502
-1
8681
-1
-1
-1
-1
5695
-1
-1
-1
-1
5877
6878
-1
-1
-1
-1
6391
-1
-1
2239
5770
-1
2257
-1
-1
5976
-1
3851
-1
466
6766
8330
2592
-1
1282
4290
-1
735
365
-1
-1
8223
3915
-1
-1
-1
8183
2153
-1
-1
-1
4313
-1
1876
4251
-1
5798
-1
9240
7489
8773
-1
-1
-1
-1
6588
556
8367
-1
-1
9914
-1
-1
-1
2918
-1
4758
-1
5964
386
5404
-1
-1
-1
-1
1500
8234
-1
-1
1575
-1
292
3192
5057
5944
6556
-1
-1
1530
-1
-1
708
9034
-1
-1
1588
3856
-1
-1
8815
-1
3997
1220
-1
-1
-1
-1
-1
-1
-1
-1
-1
-1
4836
1600
7629
-1
5279
9233
-1
-1
7345
-1
9557
-1
-1
-1
3313
-1
5872
-1
5207
7370
-1
6066
-1
-1
9978
-1
9945
3888
7334
-1
2962
416
557
9711
-1
1004
-1
-1
762
83
6229
3612
-1
6703
7194
-1
-1
-1
-1
-1
-1
-1
-1
8377
-1
7769
-1
-1
-1
5689
-1
-1
3591
3567
4432
1167
4431
3727
-1
8257
-1
-1
-1
6991
2314
2550
-1
-1
-1
-1
-1
-1
6033
814
-1
7375
9039
-1
-1
-1
8937
8732
-1
7678
-1
-1
9550
5405
-1
2421
5570
7705
-1
78
5080
4012
-1
1892
-1
-1
6756
-1
195
-1
-1
8462
9025
-1
-1
-1
-1
-1
-1
-1
7419
-1
312
3887
-1
2192
7836
-1
-1
4218
-1
-1
4722
7228
-1
6027
6886
-1
7071
-1
3054
8678
8923
958
5907
142
-1
2747
-1
5292
-1
8850
9613
3117
-1
4272
-1
1275
-1
5378
7610
2722
-1
1189
9496
3652
1518
8766
-1
-1
-1
-1
-1
-1
-1
-1
6448
-1
-1
5875
-1
-1
7156
7847
4076
9388
8332
7782
9836
7748
5385
-1
-1
5800
-1
6392
-1
3867
-1
-1
-1
-1
4933
-1
-1
-1
3240
9524
-1
5484
-1
-1
-1
6373
6306
-1
-1
6572
5763
9981
6921
-1
-1
299
-1
-1
5172
-1
-1
-1
-1
285
9964
-1
-1
7662
4841
-1
-1
-1
5879
5
-1
249
5508
9955
-1
9987
-1
-1
-1
-1
5261
-1
7990
5348
3522
-1
580
-1
-1
7717
7297
8072
-1
9892
-1
4991
-1
6540
-1
7779
7349
-1
5245
4485
-1
-1
-1
1279
-1
4467
6647
-1
853
7254
-1
-1
-1
571
5482
485
-1
4825
4701
832
-1
-1
7947
-1
-1
3979
1900
-1
8904
-1
9618
-1
9510
-1
-1
444
-1
8615
21
134
-1
1186
-1
3034
5649
2382
4255
-1
9897
9281
-1
4874
664
-1
-1
8974
-1
-1
8054
-1
8375
7706
-1
9518
9403
9644
-1
1089
3390
-1
8282
6324
-1
-1
-1
-1
-1
-1
1231
5218
-1
-1
-1
-1
1229
-1
6849
3334
3175
3733
4589
-1
3090
-1
-1
6511
9922
-1
-1
8097
1734
-1
-1
-1
2628
-1
9503
6381
8112
-1
-1
-1
-1
-1
-1
-1
46
-1
2784
1735
-1
8354
6505
9440
347
-1
-1
3013
-1
5241
7586
1197
5806
9963
-1
-1
-1
5713
5424
-1
-1
8303
9552
-1
526
396
1462
-1
-1
5564
2868
7469
-1
8861
9287
-1
9740
9332
146
5993
2845
-1
-1
-1
-1
-1
2606
8992
-1
-1
2616
-1
-1
-1
2969
-1
-1
-1
-1
-1
-1
7410
-1
-1
9260
4161
4351
6226
-1
-1
-1
7983
-1
1746
3320
325
-1
8130
4265
-1
6874
-1
-1
-1
-1
6800
8293
-1
8647
-1
-1
6791
-1
158
3312
-1
2419
-1
-1
9909
478
3148
9013
-1
5457
7284
6166
1301
-1
8091
-1
-1
-1
9582
6901
-1
619
-1
-1
2477
4000
2966
-1
-1
-1
-1
673
-1
-1
4037
7691
5821
-1
3188
9789
-1
883
7169
-1
-1
5455
-1
8366
7772
4863
-1
6583
7756
-1
-1
-1
9028
-1
7377
4727
-1
8172
-1
-1
-1
-1
-1
-1
4471
7598
4904
-1
8596
7997
-1
5460
-1
-1
-1
5551
-1
-1
1128
-1
5905
-1
6494
-1
3480
-1
-1
-1
-1
-1
6176
2242
4752
6193
7264
793
1712
2084
5883
6447
1461
-1
6589
-1
-1
-1
-1
6599
8844
8670
1379
1269
-1
-1
854
9115
2813
-1
9619
-1
-1
-1
-1
3330
-1
-1
6309
-1
-1
-1
5039
-1
7535
-1
2767
-1
-1
-1
8270
6479
6408
-1
684
-1
2769
7409
844
1654
2740
8244
6526
8515
-1
8279
3449
-1
9579
9891
-1
-1
-1
7773
-1
-1
6478
592
-1
8092
4355
1411
3611
3842
7444
-1
-1
-1
-1
1632
-1
9341
-1
-1
5120
-1
1667
-1
5297
6502
-1
-1
-1
683
-1
-1
5219
-1
-1
-1
9758
2848
5325
-1
7361
-1
7620
-1
-1
1921
-1
-1
1342
6890
-1
8724
9574
5898
2930
-1
-1
-1
-1
-1
-1
-1
-1
-1
-1
4581
140
-1
6010
-1
3713
3041
119
4587
-1
-1
8702
6721
-1
3291
751
7685
-1
-1
555
-1
3223
-1
-1
2755
-1
-1
-1
4796
4082
-1
8391
8372
-1
8146
-1
-1
-1
-1
-1
8575
318
-1
9189
756
6851
749
-1
7912
-1
-1
-1
9078
313
9862
-1
3697
8983
6729
1788
4801
2869
-1
-1
-1
7508
-1
-1
7958
-1
-1
7690
-1
9237
-1
-1
-1
959
9001
-1
141
8216
2468
-1
3731
5745
-1
-1
-1
-1
5026
1945
2111
9656
3537
1370
1179
5302
775
2389
6739
6453
5629
-1
2380
847
-1
-1
3152
6559
5848
602
4614
-1
-1
9721
9363
-1
26
-1
5112
-1
-1
-1
-1
434
-1
6042
-1
5389
6805
5056
-1
1455
-1
-1
-1
383
4206
-1
-1
-1
-1
-1
3651
685
-1
6894
2712
9839
8588
1526
3376
7980
-1
-1
9428
2732
8206
9436
973
-1
-1
1710
-1
-1
4994
-1
4665
-1
8191
913
5797
-1
8278
-1
-1
3447
-1
-1
-1
-1
6110
-1
-1
4446
-1
-1
2510
-1
-1
9406
5915
2932
2753
-1
167
-1
1392
4276
2355
7215
-1
-1
3341
1992
8505
3501
-1
447
-1
777
-1
-1
9349
3208
-1
2441
3933
-1
9898
-1
7929
-1
9515
3284
8597
4633
6518
-1
-1
-1
-1
8812
9095
-1
-1
-1
1416
-1
7407
-1
-1
6239
-1
-1
7453
1376
-1
109
-1
-1
-1
-1
-1
9732
-1
3683
7818
-1
1732
-1
5884
7197
-1
-1
4184
-1
-1
-1
8356
9874
7817
7850
963
-1
7099
-1
6475
-1
2614
714
974
-1
-1
-1
30
-1
5311
1736
-1
4903
6191
4964
-1
-1
-1
-1
-1
-1
-1
-1
4253
9771
2903
891
9455
5718
1889
7788
-1
-1
7015
2147
-1
9957
3784
-1
-1
6230
-1
-1
-1
-1
9289
7353
3638
9371
-1
8337
9729
-1
-1
6142
3129
-1
6175
-1
-1
-1
-1
4706
-1
-1
6477
-1
1082
7876
-1
-1
8080
-1
-1
-1
2548
-1
4472
-1
3282
4094
-1
8779
-1
8192
-1
6933
-1
6514
-1
-1
1738
-1
-1
5305
8790
-1
-1
3038
-1
-1
620
7564
4443
185
-1
8640
-1
-1
-1
8272
2413
-1
-1
3807
-1
-1
-1
632
9580
8487
123
3006
-1
4970
7157
-1
2557
5066
-1
-1
-1
7478
-1
546
4893
-1
-1
-1
-1
-1
-1
-1
-1
-1
-1
8936
-1
-1
1715
4789
5546
-1
-1
-1
-1
-1
6065
-1
8507
-1
-1
3760
-1
-1
1717
-1
7454
-1
5001
328
1163
-1
4174
4557
-1
-1
-1
4280
8824
8064
9209
-1
5479
-1
-1
4597
-1
-1
3635
2924
2198
1445
3159
2227
3251
-1
3737
9103
-1
5715
-1
7437
794
8776
-1
9278
-1
-1
9400
-1
-1
-1
-1
-1
-1
-1
-1
6141
-1
2125
3500
-1
-1
1737
2337
3045
-1
2651
7271
3709
2807
1216
-1
4599
6452
-1
9576
-1
-1
3921
-1
6650
-1
5038
94
-1
-1
-1
-1
7400
9292
4554
-1
7123
7899
1485
3790
9020
503
3298
-1
-1
-1
6774
5493
3795
-1
7251
5419
5765
-1
-1
6429
5498
9905
-1
3395
9204
-1
-1
-1
-1
7199
-1
-1
4537
9816
-1
-1
-1
-1
-1
-1
1339
-1
482
1887
3064
-1
1592
3235
408
1317
-1
5852
5997
-1
-1
9360
-1
-1
-1
-1
7127
5608
-1
-1
-1
-1
-1
-1
-1
-1
2942
4777
-1
3084
9242
7753
3242
-1
1924
6934
1730
2056
800
-1
6183
8897
-1
-1
6268
-1
-1
-1
96
-1
-1
3184
-1
7267
-1
7230
8089
-1
-1
1555
8691
-1
5009
-1
9070
3142
9980
1463
8231
6548
6830
-1
-1
-1
-1
-1
8305
3040
7408
1075
-1
2787
2251
-1
5714
-1
-1
8296
-1
4968
-1
-1
8138
-1
-1
7856
-1
-1
3030
4534
-1
5849
6908
9124
274
993
-1
-1
-1
-1
-1
-1
3726
9606
9186
4842
8878
-1
1520
2420
7875
9668
-1
7040
7551
8182
-1
9369
-1
5796
3639
3158
2408
4869
3964
-1
-1
8180
9822
6499
8683
-1
-1
-1
1454
1798
-1
-1
-1
8827
-1
-1
-1
-1
8287
-1
-1
-1
2580
-1
3209
9966
-1
-1
-1
5140
5349
6986
4448
8646
-1
-1
-1
-1
3821
2397
-1
5436
1482
-1
4367
-1
-1
-1
-1
-1
-1
-1
-1
-1
-1
-1
6319
7301
-1
4212
-1
8015
-1
-1
-1
-1
-1
-1
-1
2007
9835
2045
4195
-1
-1
-1
7926
5291
4695
8818
-1
-1
-1
2013
2142
1875
6735
3938
7104
4703
-1
-1
8342
2157
8237
-1
7771
-1
-1
1759
1099
-1
2279
-1
2563
6896
-1
2461
-1
-1
-1
-1
-1
-1
5276
-1
5986
-1
-1
179
-1
8989
1170
5090
-1
1933
-1
8149
-1
8141
6165
-1
-1
6936
-1
6530
892
5648
-1
7084
4226
771
-1
4180
-1
6269
-1
-1
3069
5696
3586
7917
7261
7946
-1
-1
2144
-1
-1
7446
474
2718
-1
-1
6217
-1
8807
-1
-1
-1
4134
-1
420
-1
3405
7062
-1
6199
2027
7190
-1
1547
-1
-1
-1
-1
-1
-1
-1
6138
-1
8626
-1
5892
6337
-1
-1
4729
-1
-1
-1
-1
2638
-1
6802
9833
3239
-1
-1
1991
6497
3815
-1
3468
-1
-1
7864
3641
6608
-1
-1
2947
-1
2347
-1
2332
8794
-1
-1
3725
-1
-1
2574
1852
-1
9200
357
2247
2472
-1
3092
9726
-1
-1
9676
-1
-1
-1
870
-1
-1
1214
8556
6211
9944
-1
3273
515
9992
-1
715
7979
-1
9111
231
1838
5724
-1
4787
5466
1503
-1
-1
5866
-1
3123
-1
-1
8218
261
7646
7806
9857
-1
-1
-1
-1
-1
1418
6888
-1
7077
5342
-1
-1
-1
-1
-1
4843
-1
7637
-1
-1
4887
5862
-1
-1
-1
4399
-1
-1
-1
9690
-1
3791
9884
7743
-1
-1
1238
-1
-1
406
-1
-1
798
9137
3951
-1
-1
333
1856
3516
5742
-1
5141
-1
-1
-1
-1
5185
-1
-1
-1
-1
6689
-1
-1
-1
-1
6468
225
-1
-1
965
-1
-1
5445
69
-1
-1
4674
-1
-1
1707
5560
1824
-1
-1
7002
-1
981
9356
5760
-1
-1
-1
-1
4052
8589
1684
-1
-1
-1
-1
4254
9069
8033
-1
6738
1495
-1
6090
-1
-1
5844
5250
-1
-1
9314
-1
5396
1198
5669
-1
1165
5388
-1
8431
2091
-1
-1
3505
-1
-1
-1
-1
-1
-1
819
9458
-1
-1
1843
7527
-1
-1
-1
-1
6139
4797
-1
-1
148
9049
-1
-1
643
2886
6744
-1
-1
8081
6121
-1
1288
7675
-1
2889
-1
-1
-1
-1
-1
9217
8349
-1
4744
-1
-1
-1
5932
1247
3470
-1
1646
-1
8985
6835
6344
-1
255
2817
4397
4015
6097
-1
3658
1244
7329
-1
-1
-1
-1
6404
2698
5165
5827
-1
7910
581
-1
9180
-1
5559
-1
8574
-1
-1
8962
1912
-1
-1
7745
-1
-1
6460
-1
-1
-1
-1
2935
-1
2003
-1
3999
-1
8334
-1
5290
-1
9138
6823
-1
7561
-1
-1
2514
7137
-1
6008
9883
5510
2000
-1
-1
7729
6776
1774
9774
1444
-1
-1
4982
-1
4017
-1
9533
7045
-1
-1
-1
-1
-1
2968
5097
5614
6876
3925
7514
-1
-1
2743
8695
-1
6125
3371
3388
8578
-1
-1
1345
-1
-1
3640
-1
9687
-1
8813
-1
5740
1671
-1
-1
-1
-1
3602
7596
-1
204
-1
-1
-1
-1
2931
-1
9225
6784
-1
-1
236
7041
9100
9443
4390
2553
3043
-1
5671
4529
-1
7758
-1
-1
8275
-1
-1
803
1708
-1
9911
8851
4388
-1
-1
1985
-1
-1
8228
6209
-1
4817
-1
3548
856
-1
7784
9413
-1
7588
-1
-1
8518
-1
-1
2710
3199
3380
-1
964
7568
-1
-1
3560
-1
-1
-1
6843
-1
9788
-1
4435
-1
-1
7279
-1
7746
9689
-1
-1
-1
-1
7872
7180
4481
-1
-1
9109
2541
-1
885
2162
3172
-1
7718
-1
-1
-1
7572
-1
1236
-1
-1
-1
584
-1
7309
936
-1
9901
-1
-1
6634
-1
-1
-1
-1
-1
7088
413
-1
-1
-1
7064
-1
6458
1501
6700
-1
-1
4114
9796
8516
-1
-1
-1
6555
6336
6202
-1
5808
-1
-1
-1
-1
6866
5512
-1
-1
5912
-1
-1
-1
184
8353
-1
-1
-1
4745
-1
266
6474
-1
9526
6014
7202
-1
-1
6132
-1
5509
1760
4374
-1
-1
-1
-1
-1
8680
-1
-1
-1
-1
1666
769
3220
-1
-1
4034
-1
-1
7310
-1
9868
5828
-1
-1
451
-1
2744
-1
-1
808
1866
1120
6539
3743
-1
617
1943
1811
7559
7786
-1
3848
9333
-1
9752
8065
-1
9063
-1
-1
3469
-1
-1
-1
-1
-1
-1
-1
-1
1835
19
-1
-1
-1
3436
-1
7982
4527
-1
1415
3394
-1
9719
9010
2435
-1
3481
-1
8137
-1
5022
5214
5028
-1
-1
-1
-1
4971
-1
-1
-1
9347
6801
-1
6487
-1
-1
2605
-1
6728
-1
5036
4270
5978
5856
-1
9450
2054
1790
8170
5186
2223
9066
7368
-1
-1
-1
1468
5914
253
7063
-1
2271
4268
-1
3104
-1
-1
-1
-1
449
-1
4993
-1
-1
4400
-1
-1
-1
-1
-1
7639
-1
1879
-1
6778
-1
1271
682
-1
9326
-1
4413
-1
3116
8495
-1
2540
9286
8311
-1
-1
-1
-1
668
2224
-1
4059
-1
-1
-1
6731
-1
4915
1534
-1
5159
417
3808
2305
-1
-1
7687
2497
3231
7750
4260
-1
9707
3262
-1
7844
1086
3021
9888
-1
186
1180
-1
7272
4998
-1
6096
4309
-1
2169
-1
-1
-1
-1
-1
9933
-1
-1
3703
-1
-1
7185
-1
-1
6673
-1
5267
7249
-1
547
-1
3930
-1
457
-1
-1
67
-1
9234
-1
6493
2170
4379
-1
-1
1135
6531
-1
-1
-1
9845
5049
5936
-1
7107
-1
-1
8470
1849
8768
-1
-1
-1
672
-1
7211
-1
-1
-1
-1
1533
6592
-1
4533
1816
2672
-1
432
-1
3357
-1
8036
7016
-1
-1
-1
-1
-1
183
-1
-1
3869
8379
-1
6625
2951
-1
7893
-1
-1
4868
-1
9699
-1
-1
-1
1194
-1
9146
8661
5144
-1
4061
2552
4007
-1
9649
-1
3109
-1
629
-1
-1
-1
4600
3171
-1
2438
9315
995
-1
5437
-1
-1
5816
-1
-1
-1
-1
4259
6651
-1
4326
5595
-1
-1
6974
136
3590
1112
-1
-1
6813
-1
-1
-1
6456
-1
488
-1
-1
294
4846
-1
-1
-1
-1
-1
3718
-1
3065
-1
6624
4003
-1
7888
-1
-1
-1
7397
-1
-1
-1
9087
-1
-1
9351
-1
1433
-1
-1
-1
-1
4542
3197
4731
517
-1
-1
-1
-1
3254
-1
939
658
-1
-1
-1
9118
-1
-1
-1
-1
1183
8195
596
8697
-1
8811
-1
-1
-1
-1
9548
8400
-1
5474
-1
-1
1942
9514
7068
-1
-1
7431
-1
-1
-1
-1
-1
1998
6213
8355
-1
-1
8570
5019
-1
-1
7943
-1
-1
4359
-1
6013
-1
-1
8921
627
5937
1616
-1
-1
-1
-1
9102
214
-1
6218
-1
-1
3605
5110
3012
4410
6987
-1
4300
5925
7500
-1
-1
-1
4822
430
9523
650
8144
-1
-1
-1
-1
3622
-1
-1
-1
213
-1
9798
4464
-1
5128
-1
4223
6883
4942
-1
-1
2025
3800
3744
-1
-1
8558
-1
8041
-1
3845
2034
2360
9438
8104
5643
-1
7593
-1
4928
-1
-1
-1
5195
1459
9402
1066
-1
6952
3029
1651
-1
4584
3245
2263
-1
-1
6256
-1
-1
1356
-1
-1
5124
-1
8443
8419
-1
-1
-1
5885
5793
8500
5183
5539
-1
2230
-1
-1
-1
988
2339
-1
-1
-1
7468
-1
9547
2391
4886
1514
9407
-1
-1
-1
-1
2739
6238
2342
2287
-1
-1
5301
-1
8668
-1
924
8035
232
-1
-1
1465
2881
5467
-1
8007
-1
-1
6715
2398
-1
8385
-1
3101
8608
-1
-1
2143
-1
6733
352
-1
9283
-1
2696
-1
-1
-1
5683
4258
-1
-1
634
-1
-1
-1
1602
-1
-1
5367
2508
-1
6317
3879
6039
4187
407
4366
-1
-1
491
2731
-1
-1
-1
6024
5594
1310
-1
-1
6356
626
9374
-1
4538
-1
-1
-1
6293
-1
-1
829
-1
-1
-1
7326
-1
-1
6368
-1
8895
-1
-1
5435
4269
3453
-1
720
-1
-1
-1
7443
-1
8044
7853
-1
-1
250
3368
5685
4871
-1
-1
4030
-1
5432
2196
-1
4866
-1
4406
816
7930
-1
5087
-1
5251
4922
6574
-1
9585
-1
9867
-1
4764
6457
-1
-1
395
-1
-1
-1
-1
4906
-1
3596
4060
-1
-1
4191
-1
7335
-1
-1
6483
6899
-1
-1
-1
-1
8873
4108
3937
989
7671
3557
-1
8262
-1
9768
-1
-1
1919
-1
-1
5824
-1
7390
8148
-1
-1
1929
-1
1081
781
-1
-1
2122
-1
7235
4285
-1
-1
4536
9657
-1
1321
-1
-1
-1
-1
8485
2835
-1
7393
-1
2910
-1
-1
9460
6264
2664
7425
-1
-1
3190
3292
1885
-1
5850
4422
7159
4655
-1
5380
8336
112
1104
29
2701
3309
9790
-1
-1
-1
-1
-1
-1
-1
-1
-1
4902
5588
-1
3010
-1
-1
6318
-1
8175
6838
-1
4749
-1
-1
1761
-1
7577
-1
-1
-1
-1
8267
6652
-1
4553
-1
-1
-1
-1
-1
-1
-1
9847
-1
-1
5490
-1
9246
4035
2964
-1
9256
3073
9176
-1
493
-1
-1
9717
3936
-1
7155
-1
4811
-1
5518
-1
1726
-1
-1
-1
4138
-1
7305
8421
8290
9630
-1
-1
3484
5706
7206
-1
4267
-1
-1
1091
-1
-1
5752
9674
3486
-1
-1
-1
-1
3504
-1
-1
-1
-1
8316
5500
5890
4975
-1
4131
-1
3070
-1
5335
4489
3909
-1
5238
6844
3276
-1
2892
9761
6040
-1
-1
-1
2590
3544
3895
3108
6107
4205
2717
7096
8742
-1
3794
2963
-1
2484
-1
-1
2559
2424
-1
-1
-1
1659
7824
-1
2795
8519
-1
-1
8343
8659
7256
-1
-1
356
-1
7667
-1
1658
9082
9890
-1
-1
4644
-1
3454
-1
-1
5981
4905
-1
3401
3883
-1
-1
4018
979
-1
-1
-1
1251
-1
5917
-1
2454
-1
1605
-1
-1
9804
7019
-1
-1
-1
-1
-1
4516
7548
8084
1124
4550
101
349
5383
-1
-1
-1
1586
5113
7821
-1
5947
4004
3720
-1
-1
1766
-1
9216
2954
-1
-1
-1
1190
230
-1
9513
7654
3317
2053
6653
9710
6697
-1
-1
4623
-1
7134
3304
9163
1860
3442
-1
-1
9900
1703
7725
-1
6842
-1
9313
9041
662
-1
2118
-1
-1
-1
1372
1300
-1
2207
-1
-1
-1
5859
4423
344
-1
-1
-1
-1
540
-1
-1
-1
2048
-1
-1
293
6308
9201
-1
-1
2534
7862
3523
3995
6208
-1
3212
-1
4065
-1
9261
-1
7545
-1
6821
-1
1649
713
1230
-1
-1
-1
8167
4574
5266
9473
-1
4854
-1
-1
3014
6158
5711
-1
5572
2533
-1
-1
-1
2950
-1
-1
7674
-1
-1
2827
6451
7984
-1
-1
2296
3134
-1
8255
7135
-1
-1
7348
5098
9267
4019
-1
-1
-1
5319
6329
3509
-1
8561
9382
6858
-1
-1
2520
-1
-1
5020
1396
9849
-1
1999
7186
-1
3864
7695
-1
-1
8000
-1
-1
-1
-1
7762
8676
7037
1325
2588
-1
4113
3424
7306
-1
9539
-1
-1
4333
-1
-1
3485
506
-1
-1
2232
-1
1250
3062
-1
-1
7314
-1
2394
-1
-1
-1
-1
-1
-1
-1
2840
8427
-1
-1
0
-1
8186
-1
-1
3833
-1
443
5173
-1
-1
483
-1
5439
4346
-1
-1
1971
-1
8996
5897
-1
-1
6980
-1
7109
181
739
-1
-1
5081
-1
6931
-1
-1
-1
1076
-1
6011
-1
-1
-1
-1
-1
6112
8675
7521
-1
-1
-1
-1
9620
7479
8008
-1
-1
4961
-1
-1
4452
5854
6038
-1
2897
-1
2172
-1
3367
1256
5247
-1
-1
2458
5654
2876
8489
-1
7854
2074
-1
-1
-1
2241
308
-1
-1
4829
-1
2565
6795
6254
-1
-1
-1
-1
3608
-1
6498
5794
-1
-1
-1
-1
2047
7005
-1
-1
8787
194
4913
-1
-1
-1
5246
-1
-1
4661
-1
8025
2759
-1
-1
-1
3181
97
1939
5554
173
-1
-1
-1
-1
1232
5000
1771
-1
-1
6154
4217
-1
-1
1582
-1
-1
2159
-1
6070
8212
-1
-1
-1
-1
-1
4048
940
4973
5899
7460
-1
3243
-1
-1
-1
-1
4361
3732
8884
1896
975
-1
-1
-1
-1
4459
-1
-1
-1
966
1014
7966
1428
9148
5817
5371
-1
-1
-1
-1
-1
-1
1386
3482
7484
9112
-1
-1
-1
7145
8326
-1
-1
8772
6424
5473
-1
-1
-1
9444
1127
5869
5236
8428
1176
7830
5627
7638
3663
-1
3206
5271
4334
-1
-1
5044
-1
6782
1733
-1
161
-1
570
-1
7351
-1
-1
-1
467
-1
-1
1685
-1
4046
-1
-1
-1
-1
3173
-1
3375
9213
-1
5547
9191
-1
7248
7291
4804
9012
8778
5123
-1
5265
9062
-1
-1
-1
6967
-1
-1
-1
1753
-1
4340
-1
3849
-1
-1
2765
4028
3781
8719
-1
-1
8980
442
4107
-1
5838
-1
-1
1934
7263
5488
-1
-1
5333
-1
-1
-1
392
9773
2498
4621
1173
7067
-1
5720
8806
-1
-1
-1
-1
-1
-1
3742
-1
9318
5011
3642
6469
5408
1789
550
-1
2983
8692
-1
1935
-1
4395
-1
9254
7356
-1
-1
-1
-1
9961
-1
-1
-1
1779
-1
-1
8441
8059
5461
5095
-1
3422
-1
6834
5296
7755
6340
306
-1
-1
9355
6550
-1
7951
-1
6889
-1
-1
6725
8711
-1
355
1535
-1
1348
2126
-1
-1
-1
-1
-1
3119
5391
353
9224
2299
-1
7317
-1
-1
-1
-1
-1
2977
8971
6569
7371
-1
-1
-1
3170
-1
-1
9977
-1
9051
8541
8716
5998
5263
7661
-1
-1
6093
-1
9824
-1
8930
-1
2519
2828
3940
2494
8361
1162
4568
2307
4786
7270
-1
-1
7812
-1
-1
9397
-1
4830
-1
6108
2069
2320
3906
-1
6670
-1
7719
-1
8836
-1
-1
7177
-1
-1
4129
6525
1018
-1
-1
9238
-1
9960
-1
-1
2330
7363
1975
-1
4339
907
-1
4318
-1
-1
-1
376
5787
4708
-1
-1
-1
3670
7663
-1
9904
-1
9923
-1
-1
7208
-1
-1
5191
-1
9024
9567
2537
-1
3525
-1
-1
-1
-1
-1
-1
-1
4586
-1
8405
2447
4133
-1
-1
5468
1627
929
-1
-1
7043
5661
2505
4771
-1
-1
-1
5538
7474
-1
-1
1432
616
-1
-1
9801
-1
-1
6788
-1
-1
2585
6481
-1
4040
-1
7161
7605
-1
-1
-1
-1
-1
-1
8079
5289
-1
-1
-1
-1
-1
-1
4051
-1
7828
-1
7909
2875
-1
9076
-1
8362
-1
-1
8434
1094
6021
-1
9046
-1
5582
3169
-1
-1
-1
-1
-1
3646
9414
-1
5045
289
-1
-1
-1
-1
5531
-1
3739
1832
9716
-1
2645
-1
-1
994
-1
-1
-1
-1
3369
3592
3497
-1
-1
-1
-1
894
-1
-1
1284
6796
7412
5487
5662
6341
6546
-1
-1
-1
537
-1
-1
6261
-1
-1
-1
2586
9915
728
6077
-1
-1
-1
7200
7239
-1
7339
8537
8685
-1
4249
-1
5919
-1
-1
-1
5682
-1
-1
-1
1446
-1
980
-1
8972
-1
-1
-1
3514
-1
6868
7920
2252
6642
4347
-1
-1
8225
4353
881
-1
9741
9143
811
-1
-1
-1
5412
-1
5889
9508
6187
-1
-1
9325
2137
-1
-1
-1
-1
5433
-1
1030
-1
6742
-1
4675
4476
-1
-1
6576
-1
-1
-1
5640
5600
6537
4860
-1
-1
-1
-1
3601
8585
9929
247
-1
-1
-1
-1
-1
5651
809
-1
4555
-1
7227
6846
8347
3086
-1
972
3339
5093
-1
8083
6745
-1
6284
-1
4916
-1
2345
9608
-1
-1
-1
4781
1098
-1
5222
-1
2041
-1
3675
5894
-1
-1
-1
-1
-1
-1
-1
7389
-1
4235
1585
9889
-1
9142
-1
-1
3
-1
1599
-1
-1
-1
6111
-1
5826
-1
790
-1
5357
6963
-1
5285
2676
9594
3634
9597
-1
5189
-1
-1
4171
-1
-1
6900
3866
5063
7977
-1
5449
-1
-1
3691
-1
5206
5286
-1
3081
-1
7241
3982
-1
-1
-1
9383
-1
8619
1458
5274
2666
153
8765
-1
-1
7385
1316
-1
1817
-1
-1
-1
-1
5843
3032
1203
1890
-1
5373
5717
-1
-1
8625
-1
-1
-1
-1
-1
3379
-1
2362
6278
5259
-1
-1
-1
3452
-1
-1
-1
-1
-1
3568
3840
-1
-1
-1
188
-1
-1
412
4755
2549
-1
4667
-1
990
8111
2496
-1
1480
-1
-1
3696
8119
-1
-1
-1
-1
8667
-1
-1
-1
-1
-1
-1
-1
8932
-1
-1
4848
2564
7949
-1
429
9430
-1
-1
-1
-1
-1
-1
4378
-1
-1
3185
-1
1106
9537
-1
-1
-1
-1
-1
4157
-1
4376
-1
2766
-1
-1
-1
-1
1634
-1
-1
-1
2556
3164
5315
-1
1149
-1
5157
-1
8047
-1
-1
8389
6119
-1
4008
-1
6544
9404
7266
-1
-1
-1
-1
-1
-1
-1
-1
-1
-1
7367
-1
-1
5562
4049
-1
-1
-1
-1
6292
5017
-1
4864
2716
7259
-1
1902
6611
-1
-1
-1
-1
8253
3530
-1
6074
-1
8243
-1
1891
4233
2152
-1
3528
3165
-1
-1
6751
1331
9447
-1
3584
-1
8150
2327
2763
7168
6054
-1
1926
-1
-1
-1
-1
3553
2409
-1
1993
8484
-1
7496
6378
9433
8128
-1
-1
-1
3880
-1
4774
-1
-1
-1
-1
-1
-1
821
5137
8376
-1
9713
-1
-1
-1
9499
6325
3015
7677
-1
-1
1655
-1
-1
-1
-1
-1
-1
5374
-1
-1
4470
2343
-1
1456
5434
3773
-1
-1
-1
7659
5591
6330
8365
-1
-1
7770
5822
3624
8134
7178
-1
7523
4949
-1
-1
-1
9522
-1
-1
7082
-1
-1
-1
-1
-1
-1
9015
519
7735
-1
-1
-1
-1
-1
7432
4110
-1
3620
-1
-1
4022
402
7565
-1
1259
5664
-1
8979
-1
789
7154
3031
-1
-1
-1
9064
6200
3296
-1
-1
8633
-1
-1
-1
4792
-1
7075
4475
5528
-1
-1
-1
3396
2405
5529
-1
6382
6659
-1
8387
4629
-1
-1
3429
460
-1
3993
7569
-1
9306
9199
4009
1473
5018
-1
1973
-1
1381
3234
-1
-1
1253
497
7233
4020
1938
-1
5181
-1
9099
4257
5084
2749
8017
-1
9544
-1
-1
2312
1308
2255
-1
3992
1318
8853
3432
-1
5948
-1
-1
-1
4609
5415
-1
2973
2726
8816
-1
-1
-1
-1
7319
1326
-1
-1
-1
4504
-1
3644
6302
-1
8309
-1
-1
-1
-1
-1
-1
-1
6495
-1
6092
9248
5198
-1
-1
2683
2237
-1
8053
-1
6504
548
-1
2463
-1
5776
9621
-1
-1
3421
7728
-1
5288
1546
6134
8859
-1
-1
2967
7940
-1
5904
4224
8258
-1
4524
-1
-1
159
737
1772
-1
-1
1804
4768
-1
2480
-1
84
3959
-1
8194
-1
2832
-1
-1
-1
-1
7140
1185
6153
-1
193
-1
8497
704
-1
462
-1
15
-1
-1
-1
-1
4083
31
-1
1002
9425
-1
2318
1413
-1
-1
4925
-1
625
-1
8843
-1
9684
2899
6898
7609
-1
3991
-1
-1
-1
-1
7754
5280
-1
5727
11
7174
-1
-1
6924
7595
-1
3305
-1
9435
-1
9525
-1
-1
2680
9698
4930
-1
9589
-1
-1
3799
-1
-1
-1
-1
8793
-1
6536
-1
7074
-1
1471
7033
-1
-1
-1
-1
-1
5151
-1
-1
8001
-1
-1
3302
7167
-1
-1
-1
6236
-1
-1
-1
9764
49
2412
321
3852
-1
-1
-1
830
1610
1166
-1
9700
5735
-1
7974
1184
2180
2687
-1
-1
7653
3916
-1
3023
8609
8021
-1
4310
-1
4831
-1
-1
6103
3897
-1
-1
-1
-1
6387
-1
-1
9686
3002
2907
-1
1008
3814
-1
-1
2452
9194
5338
-1
-1
-1
7955
7591
-1
-1
2595
-1
9844
-1
-1
-1
-1
-1
-1
901
-1
-1
9786
1950
9446
8548
-1
2471
-1
-1
5726
-1
8528
-1
-1
-1
-1
-1
-1
2999
2202
1635
5059
5332
5025
-1
8535
1353
-1
-1
-1
4926
3609
-1
9309
-1
281
-1
8491
6713
-1
7300
1383
-1
375
7366
6266
-1
-1
-1
-1
-1
-1
-1
7416
3749
-1
-1
-1
1451
5275
-1
7273
-1
-1
-1
-1
-1
6880
2518
-1
-1
9818
3039
1492
3333
-1
8945
-1
2100
-1
-1
-1
6221
-1
4561
-1
7090
-1
-1
-1
-1
3927
-1
9350
-1
-1
-1
-1
4813
-1
476
-1
3581
-1
9953
9409
-1
-1
-1
-1
-1
-1
-1
6792
-1
-1
4530
2145
1510
1426
2927
5369
8116
-1
2071
-1
-1
-1
3900
1641
9751
-1
-1
-1
1483
-1
7369
9504
-1
-1
-1
1021
-1
-1
7892
2392
1313
7618
-1
4923
-1
-1
-1
-1
7204
1474
7026
7203
-1
-1
-1
-1
-1
-1
8
-1
-1
-1
-1
-1
977
7465
-1
4468
4896
5982
-1
7280
6535
9610
-1
-1
7883
9600
-1
-1
4057
-1
9487
-1
7546
3723
8665
7522
4014
3617
5596
-1
6824
-1
-1
2915
-1
-1
-1
-1
3782
176
7652
9132
-1
7736
-1
3577
7316
-1
-1
-1
-1
-1
4598
5168
-1
-1
1719
-1
-1
5411
-1
-1
-1
-1
5846
2509
-1
1845
-1
3207
5421
2131
8071
1031
-1
-1
-1
7672
-1
-1
-1
-1
6581
-1
-1
-1
-1
837
-1
-1
3855
7934
4827
192
5042
4196
-1
-1
-1
-1
4940
5129
-1
-1
-1
4444
2874
2191
-1
-1
9982
-1
2139
6918
5336
-1
-1
-1
-1
-1
-1
166
4946
-1
-1
6841
-1
-1
-1
-1
4137
-1
-1
-1
-1
-1
-1
-1
-1
-1
3283
6346
5272
1893
-1
4784
9708
7558
-1
-1
4069
-1
-1
4838
996
-1
-1
-1
9650
8488
-1
7503
5867
6655
1265
2204
-1
-1
-1
-1
-1
7013
7601
3966
-1
-1
-1
2466
-1
-1
6303
-1
2831
2771
-1
6528
-1
-1
130
-1
8729
-1
9679
-1
-1
-1
9166
5252
928
-1
7579
9910
-1
5202
9685
-1
-1
-1
-1
-1
133
2618
4958
9075
-1
6507
2014
-1
2156
-1
9221
-1
9694
-1
1656
2839
-1
9044
-1
6942
-1
2205
-1
-1
8914
1601
-1
1840
-1
6395
-1
5728
-1
-1
-1
-1
6242
8424
3180
6026
2442
-1
-1
-1
3990
-1
129
-1
9775
6492
6667
2377
1863
6645
-1
-1
-1
-1
6951
-1
-1
-1
1
9814
-1
7645
122
222
-1
3545
2310
-1
7467
9551
-1
7440
-1
-1
-1
-1
-1
7421
8688
9023
-1
-1
4823
-1
-1
9410
-1
-1
9230
-1
2105
8925
657
-1
-1
5149
-1
-1
-1
8586
4062
-1
7376
-1
7575
-1
6161
-1
8869
4055
1982
-1
-1
1750
-1
7028
-1
-1
-1
4147
1820
8821
-1
-1
7590
-1
-1
-1
5667
-1
-1
4006
-1
6869
-1
9920
7445
144
-1
8889
5193
-1
3450
-1
-1
-1
6196
32
3976
-1
1725
6189
1479
9073
-1
-1
7130
2920
-1
3438
-1
6946
-1
-1
302
-1
-1
7237
5901
-1
6950
-1
8693
-1
5100
9856
-1
9749
-1
-1
-1
1320
324
6345
5399
-1
8591
4937
-1
-1
-1
4427
6829
-1
776
-1
9667
-1
2506
1155
4119
4241
740
5016
8635
-1
6255
-1
-1
-1
-1
-1
2
7322
-1
5540
-1
5992
8852
-1
-1
-1
1041
-1
7458
-1
-1
-1
6640
-1
4418
8075
-1
9791
-1
-1
-1
-1
3654
8005
-1
-1
5463
3213
770
-1
2130
-1
-1
-1
2960
1205
5871
-1
6173
-1
3546
-1
-1
4179
7539
9345
690
5270
-1
5774
-1
-1
-1
5811
137
-1
6596
4428
-1
-1
-1
-1
-1
-1
8055
-1
-1
-1
-1
1837
-1
1899
-1
3826
-1
-1
7840
-1
-1
-1
-1
8013
4672
-1
-1
-1
3858
4079
9021
2464
-1
-1
-1
666
9130
7278
6632
8830
-1
-1
-1
7777
9381
-1
7245
607
-1
-1
-1
1119
-1
2329
-1
524
5298
8738
-1
2782
2356
9133
-1
2289
-1
-1
6123
2937
5967
-1
1302
3000
-1
4246
5782
1572
4643
8314
-1
-1
-1
3681
9056
-1
-1
6852
-1
6771
3271
7216
-1
5109
-1
2113
3434
-1
-1
-1
3797
2665
-1
-1
-1
606
3437
2445
-1
-1
-1
-1
6808
-1
7009
-1
8540
-1
6243
-1
-1
-1
5346
7714
-1
-1
3668
1298
-1
-1
-1
-1
-1
7530
-1
9692
-1
-1
7052
-1
6019
2429
-1
-1
-1
3063
-1
-1
7767
2278
8956
-1
7963
-1
-1
-1
-1
-1
-1
6406
1576
8407
-1
9843
7592
693
3574
-1
5197
-1
3724
8650
-1
-1
4776
-1
-1
9126
7153
982
-1
3862
7257
-1
3387
-1
-1
-1
-1
359
6150
-1
8517
1397
-1
9784
1580
-1
-1
-1
-1
8763
-1
-1
578
-1
-1
3416
877
7242
-1
-1
6985
2374
9353
171
-1
-1
-1
4657
-1
-1
2738
-1
-1
-1
-1
-1
6610
-1
970
5841
-1
541
-1
-1
-1
3026
-1
-1
-1
-1
-1
-1
-1
-1
-1
6049
1639
942
-1
5666
4585
121
6059
2980
-1
4954
-1
-1
1334
-1
3348
8831
2177
610
9617
-1
-1
2450
-1
3131
2001
-1
-1
-1
-1
502
-1
1359
7098
8133
-1
-1
3519
-1
3659
6363
-1
337
4056
5550
2096
-1
-1
-1
-1
1629
-1
5303
8560
8066
-1
-1
7874
6241
99
8977
3905
-1
-1
4912
-1
-1
-1
-1
-1
1403
-1
-1
290
-1
-1
263
-1
-1
-1
6002
2711
635
-1
-1
-1
7434
8346
-1
-1
-1
6626
350
-1
7292
-1
-1
-1
1696
-1
-1
-1
8748
-1
3660
-1
-1
-1
448
8109
-1
-1
-1
4899
9303
-1
-1
-1
-1
8662
-1
1252
-1
-1
-1
-1
-1
-1
-1
1169
3214
5983
890
7294
-1
-1
-1
-1
267
-1
-1
8532
3810
2331
1061
-1
7859
9123
-1
-1
1448
6702
-1
2878
4363
-1
5952
3750
4696
622
-1
7320
-1
-1
1420
2256
6270
-1
3128
-1
8964
-1
8252
3600
1722
-1
-1
-1
8286
4087
422
-1
1954
4805
2842
-1
-1
1192
-1
7430
9094
-1
-1
6571
6031
-1
1987
-1
1062
-1
-1
9852
2059
-1
-1
4766
5497
835
-1
9896
-1
-1
-1
7740
-1
7944
2121
3149
681
3645
2917
-1
-1
-1
-1
5692
-1
-1
8411
-1
-1
-1
57
-1
6892
4704
-1
863
-1
4145
-1
-1
-1
-1
9760
8679
-1
-1
-1
-1
-1
-1
8454
588
-1
-1
1306
2285
-1
191
-1
-1
-1
2600
-1
8858
-1
1324
8917
7340
8534
-1
-1
-1
8333
-1
8245
-1
-1
7470
-1
4080
-1
6079
-1
6865
-1
-1
-1
-1
-1
-1
-1
7213
427
9053
9834
4229
-1
2599
3079
-1
-1
7952
-1
-1
-1
-1
2938
-1
-1
3918
-1
-1
6476
5541
1064
-1
-1
-1
8012
3536
8595
-1
652
-1
-1
1871
-1
3356
2728
1307
-1
3952
-1
9695
2076
8106
-1
4302
674
-1
8613
-1
7942
4250
-1
-1
2653
9635
4656
4411
-1
6964
-1
8124
-1
8854
4202
6594
2758
-1
4393
-1
8024
-1
5322
8446
2393
-1
-1
4038
4121
7321
918
-1
6491
9229
-1
2513
2304
6983
9815
-1
2724
4266
-1
-1
-1
-1
-1
-1
7325
-1
5748
7394
4833
-1
1487
6148
-1
-1
-1
-1
2958
-1
-1
-1
-1
2576
6527
3017
-1
-1
8456
1010
9776
-1
-1
9743
-1
-1
2727
-1
-1
8672
295
-1
-1
-1
6972
-1
1277
-1
-1
5228
-1
-1
-1
-1
4193
-1
-1
7338
3714
-1
2090
1195
-1
3136
-1
7945
-1
-1
4772
4783
-1
858
-1
-1
-1
1754
-1
1134
4734
-1
-1
-1
-1
-1
4474
-1
-1
-1
-1
6617
-1
-1
-1
2891
-1
8934
415
-1
-1
9088
3160
-1
-1
-1
-1
-1
3789
-1
-1
7038
-1
6246
4564
-1
-1
736
-1
6722
-1
2530
433
-1
6232
-1
-1
-1
-1
3511
5505
-1
-1
9725
8664
-1
-1
-1
-1
-1
8735
-1
-1
-1
-1
6570
5092
-1
551
-1
8770
-1
-1
5542
9680
521
-1
-1
-1
4088
1959
6433
-1
-1
-1
-1
4041
747
2941
-1
-1
-1
-1
3957
-1
9004
-1
9398
-1
-1
-1
-1
-1
4405
-1
6816
-1
8604
9120
5583
-1
-1
95
-1
-1
-1
-1
9280
-1
-1
-1
3626
-1
-1
-1
-1
1952
-1
9207
962
-1
-1
-1
-1
-1
-1
-1
4720
4225
-1
-1
5262
254
7996
-1
8797
4856
-1
1674
5257
6969
4085
9811
7536
5074
5148
-1
-1
-1
-1
1676
257
-1
-1
-1
-1
-1
-1
4997
1839
-1
4330
4717
4053
-1
-1
-1
9105
-1
-1
426
-1
-1
-1
-1
-1
8026
-1
-1
-1
-1
-1
-1
7392
-1
-1
8814
9602
-1
-1
5136
5132
-1
823
-1
-1
7262
5442
-1
-1
2444
1548
6730
3193
-1
-1
2262
-1
552
8490
-1
-1
-1
7606
1691
1519
8689
8492
8841
7480
9490
-1
5495
-1
1016
-1
7623
-1
-1
1333
-1
-1
3524
-1
3461
9145
4995
-1
-1
-1
8306
-1
873
-1
542
-1
-1
8920
8867
-1
9873
3383
-1
7694
-1
-1
-1
7825
7455
-1
-1
2736
9879
8504
-1
-1
360
1595
7365
6649
663
4760
-1
7857
-1
-1
845
6235
-1
-1
-1
2591
6501
-1
-1
9269
-1
8594
6197
-1
-1
3216
8957
2174
4742
-1
-1
3872
-1
-1
-1
7034
-1
2816
-1
-1
-1
-1
9168
5902
-1
7670
-1
2057
4715
1270
-1
-1
-1
-1
-1
-1
-1
-1
-1
-1
3145
9627
-1
7195
-1
-1
-1
3329
-1
-1
-1
-1
9999
-1
189
-1
3253
-1
4178
512
7170
-1
-1
-1
5961
6521
-1
-1
7799
-1
4520
-1
6410
9249
3956
-1
-1
-1
-1
5118
3901
-1
-1
-1
3796
-1
4739
1686
-1
6393
1694
-1
-1
568
8511
-1
7175
-1
-1
-1
9757
-1
5182
-1
9005
6353
7183
-1
-1
-1
-1
1100
-1
-1
6016
-1
2955
-1
6538
6427
-1
-1
-1
-1
8734
2582
-1
-1
-1
7048
5589
4676
363
-1
-1
8289
-1
-1
-1
-1
-1
-1
-1
8276
3583
-1
-1
-1
9712
8809
6654
9794
8023
-1
2709
4901
-1
-1
-1
190
2281
1647
1466
-1
738
-1
2504
4692
-1
6646
-1
4335
-1
5574
7660
5309
3467
7289
2428
4573
-1
-1
-1
6355
-1
-1
8810
1669
-1
2791
8799
-1
2234
8782
5609
-1
-1
1994
5918
8865
-1
-1
-1
-1
6135
-1
6944
-1
-1
2399
-1
-1
-1
-1
-1
6927
-1
-1
9401
2567
8892
-1
4873
5617
-1
2029
6533
3785
440
6999
-1
-1
-1
-1
3876
3479
-1
9014
-1
2168
-1
-1
1207
-1
-1
-1
3141
3299
3788
-1
-1
3698
-1
-1
-1
5703
58
7878
2367
7918
6819
-1
8879
3977
2995
6464
9546
3556
-1
2402
636
7323
7105
-1
-1
5273
2882
-1
7808
4649
615
-1
-1
-1
7058
-1
8743
-1
-1
-1
6687
-1
-1
-1
-1
-1
8730
3107
8480
-1
-1
8801
439
218
-1
-1
4181
-1
-1
6338
6763
5855
-1
-1
8718
3130
-1
878
-1
-1
-1
-1
-1
418
76
-1
-1
-1
9993
-1
-1
4162
2820
-1
-1
3027
-1
-1
2364
-1
9243
-1
-1
-1
-1
-1
6418
3682
5623
3153
-1
-1
-1
-1
2699
2344
-1
-1
7724
2246
-1
177
-1
3941
9569
6174
-1
-1
1188
782
4832
773
-1
-1
5930
2353
-1
-1
2316
-1
9362
-1
8572
3786
3289
-1
-1
-1
212
-1
-1
-1
-1
-1
-1
-1
-1
7778
-1
2851
-1
7131
968
-1
3717
5921
-1
6615
2146
-1
8030
7055
3464
8145
-1
-1
8165
-1
-1
1469
1323
5481
-1
4054
-1
5521
1481
-1
9282
7196
7625
-1
4989
4408
-1
-1
6058
-1
-1
1953
4066
2136
-1
4652
8862
5533
8016
3521
8463
-1
3728
601
-1
7603
2186
-1
3562
3249
-1
4572
3555
-1
2373
6826
8728
-1
4802
-1
-1
-1
9068
8828
-1
6990
7938
-1
2779
-1
8250
-1
-1
-1
-1
-1
463
-1
7511
2587
4370
-1
9943
9042
4192
7449
-1
-1
2673
9373
727
3139
-1
-1
-1
8612
4380
-1
-1
-1
2679
-1
-1
-1
-1
-1
-1
-1
-1
9298
-1
-1
4477
4616
3472
1773
3648
1309
-1
-1
-1
1800
-1
-1
-1
4091
2815
1612
-1
3053
-1
6143
-1
-1
2619
5116
4691
4743
9422
6305
-1
340
297
-1
6228
-1
3686
-1
75
7502
209
1862
-1
-1
-1
-1
339
-1
5653
9799
8769
7919
-1
-1
2737
-1
1552
-1
8266
3779
-1
-1
630
594
-1
-1
-1
2161
6960
991
-1
-1
2577
-1
288
5888
5602
-1
-1
-1
-1
3200
2909
-1
-1
6724
-1
640
-1
8767
-1
4155
-1
-1
1022
8839
-1
-1
8341
2725
3573
-1
4865
-1
3462
-1
2456
-1
-1
9419
-1
-1
7435
-1
575
-1
3680
3319
-1
1633
-1
5326
-1
3167
-1
-1
3766
-1
-1
-1
-1
5440
3168
82
7827
-1
-1
7061
1177
-1
-1
-1
9311
8998
3589
-1
6068
-1
3495
-1
-1
7597
4281
-1
2422
116
3498
7132
-1
8169
3265
3896
8639
6799
48
6566
9568
8048
-1
-1
-1
-1
-1
-1
9488
-1
9586
-1
1977
-1
2485
486
-1
-1
-1
699
-1
-1
1029
-1
-1
1512
9032
5363
1059
3778
5372
9359
-1
8122
-1
-1
9623
-1
4693
760
-1
3487
2705
-1
2064
6613
8304
4111
4619
2123
3972
5613
-1
7544
4622
3248
-1
1003
-1
-1
2733
8817
9654
1706
-1
-1
-1
8096
-1
-1
9083
8709
-1
9274
-1
4050
-1
-1
6365
1078
6941
-1
8912
9214
-1
618
-1
4736
3853
2319
-1
-1
-1
-1
-1
3747
6149
6015
-1
-1
-1
-1
9767
3232
6289
4261
1013
-1
-1
-1
-1
446
5068
3812
7359
-1
722
5945
9704
-1
6383
198
-1
644
-1
-1
-1
-1
-1
6552
-1
5158
-1
-1
3693
9125
-1
7617
-1
-1
-1
8805
-1
-1
3466
1322
4031
8863
-1
-1
152
-1
-1
-1
-1
9149
-1
5229
-1
7405
2183
2904
-1
5769
9601
-1
-1
4283
-1
5209
-1
4606
-1
17
-1
-1
7570
3674
4966
-1
-1
5996
-1
-1
-1
-1
-1
-1
-1
6752
-1
6622
-1
6893
8845
-1
955
-1
-1
4275
7333
-1
-1
6875
3857
-1
6466
5065
-1
-1
1569
-1
-1
-1
484
3746
-1
-1
2849
-1
4403
3582
7402
2193
2762
2975
-1
3238
5813
-1
-1
723
9659
8042
-1
3994
4638
1034
-1
-1
-1
-1
4482
-1
-1
207
409
-1
6411
-1
7858
1039
-1
-1
-1
5708
-1
5704
1117
9759
-1
719
-1
8840
563
3863
8129
1606
-1
1290
-1
-1
-1
7172
6120
-1
-1
-1
-1
-1
6249
-1
-1
3783
-1
3892
5555
-1
5454
2801
9106
3834
1335
2697
6831
6281
-1
676
1573
-1
-1
-1
1341
-1
4507
2501
7313
-1
-1
-1
-1
-1
7792
-1
3358
2923
5401
6932
-1
-1
-1
-1
1692
-1
7236
7554
5931
-1
2824
-1
-1
6366
1831
-1
7927
9825
-1
1154
-1
6287
-1
8641
-1
-1
-1
-1
-1
5050
1196
-1
4163
-1
-1
-1
-1
5771
8628
1054
8835
-1
-1
-1
-1
-1
-1
7658
1962
-1
6915
-1
-1
-1
8291
7481
8860
-1
-1
-1
-1
1234
-1
-1
-1
-1
-1
-1
2516
9782
4136
2535
-1
9763
-1
-1
-1
-1
-1
2575
-1
-1
-1
754
-1
-1
4718
1328
-1
642
4601
9877
-1
404
-1
9950
-1
2201
-1
3637
9622
5991
7634
-1
4707
9342
-1
-1
-1
-1
6604
-1
7456
2066
-1
-1
-1
5690
-1
8163
-1
-1
852
2774
-1
1713
-1
-1
6455
-1
9545
-1
1741
5868
2949
3386
-1
5781
3218
-1
825
-1
9792
5441
-1
-1
-1
-1
-1
-1
-1
-1
-1
9227
7007
5091
-1
2473
9412
-1
-1
-1
-1
-1
-1
2065
6334
-1
-1
6979
-1
-1
-1
-1
4793
-1
9592
2562
-1
-1
-1
2821
7631
-1
9027
8063
-1
7136
8211
7201
4962
6940
9096
2825
4514
-1
8429
8758
7877
6443
-1
8663
-1
2095
-1
2970
3488
-1
-1
-1
9247
-1
2670
-1
-1
-1
508
-1
1642
2643
6069
-1
-1
5012
903
-1
-1
-1
2093
-1
645
3097
1172
-1
3579
3677
8204
-1
1531
-1
-1
3816
-1
-1
-1
-1
3378
4967
-1
5632
5360
-1
-1
-1
-1
6194
-1
-1
6529
9385
-1
9464
9681
4063
5501
3607
5255
-1
3980
-1
6836
2636
-1
3829
-1
9495
9437
9416
-1
3210
7627
-1
3121
-1
6895
6840
-1
-1
-1
-1
-1
-1
-1
143
-1
1877
-1
5809
3655
-1
7602
1677
-1
2134
473
6204
8359
-1
595
1522
-1
6005
-1
-1
-1
-1
-1
9731
-1
-1
4011
-1
4245
-1
3672
3110
-1
-1
-1
-1
9119
-1
6192
-1
-1
-1
-1
-1
4943
2974
6362
6294
7838
-1
-1
-1
423
-1
5719
-1
8102
-1
-1
-1
-1
450
-1
-1
2764
-1
6643
4116
6299
1139
9682
-1
4620
-1
5887
-1
-1
6618
-1
-1
-1
9590
-1
6565
-1
-1
6631
6562
2945
9702
-1
-1
-1
-1
-1
-1
-1
-1
-1
8189
199
4252
7406
-1
2735
8969
-1
1988
-1
-1
4996
-1
5480
2290
-1
6512
-1
-1
9628
-1
8621
1063
-1
-1
-1
-1
-1
3753
577
-1
-1
-1
2555
-1
-1
-1
4679
9893
-1
7427
9633
8583
-1
-1
3352
7950
-1
-1
2788
2005
175
-1
1560
-1
9441
-1
-1
9952
7819
-1
7501
-1
-1
196
4733
-1
6568
7839
8073
8006
9803
-1
-1
2387
4921
-1
-1
1638
6
5341
-1
3051
-1
2063
-1
4097
-1
4999
5146
6426
-1
-1
-1
3958
-1
-1
6118
-1
380
7867
-1
-1
4765
-1
1990
6250
-1
4957
-1
-1
-1
1015
-1
-1
5164
919
6644
-1
8949
-1
5909
5860
-1
5777
3506
7120
4295
4329
5935
1944
8733
4596
465
-1
-1
-1
934
-1
9081
3541
761
7689
7852
1087
-1
1191
7616
-1
-1
3095
-1
5527
4513
-1
7049
5568
7826
-1
1678
-1
-1
-1
-1
1145
8273
6201
-1
-1
5772
5606
2085
-1
2568
2324
-1
371
4001
9251
7231
-1
9948
5655
9055
4348
-1
8310
-1
115
6004
3989
5258
-1
3688
-1
-1
5836
480
-1
-1
1212
2067
5171
1680
-1
2321
4264
5476
-1
-1
7424
-1
4222
7487
24
5422
7975
-1
-1
1527
8509
5239
-1
1718
9187
6351
7901
370
-1
-1
1074
-1
930
-1
-1
-1
-1
8471
-1
8682
-1
-1
941
6970
2708
-1
-1
-1
-1
4289
-1
7789
-1
-1
-1
-1
7709
3798
1801
7763
-1
834
2648
-1
-1
7935
5188
7880
8450
-1
-1
-1
-1
1579
8159
-1
-1
-1
4044
-1
-1
-1
4556
-1
-1
5448
-1
6265
6043
-1
-1
9003
828
6417
-1
-1
609
8651
-1
-1
-1
-1
-1
8381
-1
-1
641
7921
-1
1648
-1
-1
7006
2626
2270
5985
8002
-1
-1
9734
428
-1
-1
1033
-1
3362
-1
9210
-1
-1
-1
-1
5920
-1
-1
-1
-1
-1
8757
-1
-1
1509
-1
-1
-1
4288
-1
6746
5548
-1
-1
7520
9279
-1
1780
9887
278
-1
-1
-1
6509
-1
-1
-1
2416
5965
8151
5299
-1
-1
3721
953
-1
-1
-1
3201
-1
9777
4531
1818
8205
514
1384
3759
2819
-1
1486
-1
-1
-1
-1
-1
-1
-1
3102
-1
6976
-1
-1
-1
-1
-1
6419
-1
-1
-1
8522
252
8554
-1
-1
-1
1242
-1
2511
4282
-1
-1
8953
8780
9926
327
9831
4021
2895
4563
8197
9565
3444
-1
7507
7354
-1
3163
-1
-1
-1
-1
9431
9538
-1
-1
7151
6036
-1
8632
2072
63
-1
6375
3459
-1
6075
-1
4769
6290
2080
4956
-1
-1
-1
-1
9276
-1
1744
8077
-1
-1
4415
8074
2794
-1
8049
6930
-1
-1
691
4296
768
-1
-1
4641
802
-1
-1
908
8479
-1
-1
9035
-1
4182
9718
1019
4853
4875
-1
2451
8973
-1
-1
-1
3343
-1
-1
9208
1213
8105
-1
-1
3948
-1
-1
6128
7388
-1
-1
-1
1287
-1
-1
7150
4819
-1
-1
-1
-1
3260
8131
-1
-1
-1
-1
795
-1
-1
-1
-1
8577
9840
8699
6072
-1
-1
718
3364
169
-1
-1
9507
-1
8562
-1
-1
7532
2233
-1
-1
-1
5633
9101
-1
5736
-1
8070
-1
6421
-1
2750
-1
1740
5152
5145
-1
-1
-1
-1
2110
5847
-1
-1
-1
-1
7923
9223
1069
-1
7382
1964
3411
4078
9765
9312
-1
-1
3162
4496
3904
4976
2566
277
1652
7387
6133
-1
-1
731
-1
-1
1969
-1
954
-1
-1
-1
1005
2216
-1
9531
621
-1
-1
-1
5825
9466
2323
9156
7029
-1
3359
-1
-1
5231
-1
-1
3986
2264
2384
8911
-1
-1
-1
7760
-1
-1
-1
922
-1
9165
276
-1
6262
-1
-1
-1
3228
6486
4625
2772
4311
2847
-1
-1
6522
3294
884
-1
8409
7732
-1
6307
346
-1
8254
-1
-1
984
-1
5923
7436
202
6968
5511
260
-1
4430
774
9011
-1
3385
-1
-1
5630
784
-1
-1
9947
-1
-1
-1
8027
1970
6994
-1
-1
5281
-1
224
2098
345
-1
8966
4384
866
4125
-1
8099
9174
-1
-1
5840
8060
3792
8918
-1
-1
-1
7986
2894
5492
9998
-1
2187
4844
-1
-1
-1
7720
-1
647
-1
6088
667
-1
-1
7000
-1
6860
-1
3532
-1
9746
-1
-1
-1
-1
9810
7003
9348
5387
-1
9995
-1
-1
5694
-1
-1
1778
6558
-1
-1
-1
-1
62
-1
-1
1129
-1
-1
5900
6658
-1
-1
3854
6240
-1
-1
-1
7541
-1
7785
-1
-1
-1
-1
-1
3960
8938
710
6859
-1
4186
-1
5938
-1
6286
-1
2325
9424
3087
7537
9129
8152
-1
-1
3091
-1
-1
5754
-1
-1
-1
3628
-1
7628
-1
-1
-1
-1
-1
60
64
-1
8297
-1
-1
-1
-1
2476
8747
-1
5534
-1
4525
-1
-1
6414
-1
-1
2706
4839
-1
-1
2282
648
6958
4618
6780
961
-1
-1
-1
2579
-1
-1
-1
-1
-1
4852
-1
1911
-1
-1
-1
7519
-1
-1
-1
-1
9337
-1
8438
5639
7699
-1
-1
-1
-1
-1
5573
1844
7614
2092
-1
-1
-1
-1
3917
4324
8842
-1
-1
7994
-1
3483
-1
-1
-1
7666
-1
4106
-1
4292
-1
8308
2060
311
8715
-1
-1
-1
5926
8408
4711
8416
8523
8727
-1
-1
-1
8241
1687
6759
788
-1
-1
3762
899
-1
-1
-1
-1
-1
-1
-1
-1
-1
4592
5462
-1
5420
2291
5155
7115
9730
-1
-1
-1
8181
6037
6867
1615
1858
-1
8404
3318
-1
-1
-1
1765
-1
4931
3822
2993
-1
1984
920
501
507
-1
3050
496
-1
9336
9994
2104
7210
1369
-1
6364
-1
-1
-1
-1
-1
-1
7147
-1
-1
-1
2004
2860
-1
-1
-1
-1
8295
-1
6579
8390
5523
178
-1
1434
-1
-1
-1
3945
-1
8999
5942
7981
-1
-1
4512
4821
7491
-1
-1
8908
9072
3280
3542
-1
-1
8414
-1
-1
-1
-1
-1
-1
-1
-1
-1
9556
-1
4630
-1
5085
-1
3230
-1
4294
2434
-1
7398
932
4487
4345
1441
-1
7413
4166
2272
8997
3166
2658
-1
-1
559
-1
-1
7462
-1
-1
3478
-1
-1
2385
9197
-1
3755
-1
-1
-1
-1
-1
6577
8101
-1
8202
8883
-1
2885
-1
-1
8360
-1
-1
5427
4117
-1
5618
-1
4419
-1
-1
9420
-1
4518
-1
1597
-1
9262
1118
-1
-1
-1
37
-1
-1
4216
-1
-1
-1
-1
-1
5684
265
-1
6854
7555
-1
6872
6367
900
9913
6832
2219
-1
-1
-1
6322
-1
445
5839
9553
3776
107
-1
-1
-1
1297
9940
-1
-1
5138
-1
-1
2972
-1
-1
-1
8328
4005
1023
1781
-1
6602
9971
-1
-1
-1
18
-1
-1
-1
1644
-1
2846
9827
2976
820
6348
3146
-1
-1
