-1
5281
4357
-1
1549
-1
1627
7310
2678
-1
3510
-1
4025
-1
-1
-1
-1
6110
-1
3671
-1
8704
2837
-1
2563
-1
1907
-1
-1
-1
-1
-1
-1
-1
-1
-1
-1
-1
6007
-1
-1
-1
-1
1646
-1
-1
3543
2427
-1
7164
-1
8624
7298
7579
-1
-1
2349
-1
5360
-1
-1
3998
-1
-1
-1
-1
-1
-1
1386
-1
4118
-1
-1
7748
6936
-1
-1
-1
6147
-1
-1
-1
-1
-1
-1
-1
2154
5739
1863
-1
-1
-1
-1
-1
-1
-1
-1
-1
-1
5773
5231
5805
6857
-1
-1
-1
-1
-1
-1
3318
-1
-1
-1
3287
3969
-1
6070
-1
-1
6013
8363
1737
-1
-1
-1
-1
2564
-1
-1
-1
-1
-1
2373
-1
-1
1498
-1
6892
-1
-1
-1
-1
1340
3163
-1
1966
-1
1701
-1
-1
-1
-1
5187
-1
3495
-1
4042
-1
2551
-1
-1
-1
1376
-1
2503
6920
7443
7911
-1
-1
-1
-1
-1
3057
-1
-1
-1
-1
-1
1619
4990
-1
-1
-1
-1
7404
5084
8525
8377
1802
-1
6409
-1
-1
-1
3701
3556
4845
-1
8327
4062
-1
-1
-1
-1
-1
-1
-1
-1
-1
-1
2926
-1
-1
7903
5667
2671
3505
-1
-1
5290
2402
-1
-1
8652
-1
-1
-1
-1
-1
-1
-1
5239
4193
5719
7194
-1
-1
2933
2815
7670
8507
-1
-1
-1
-1
-1
-1
-1
-1
-1
-1
-1
3599
-1
6789
-1
-1
-1
8534
-1
7446
-1
-1
-1
-1
-1
2763
7440
-1
-1
2167
1781
-1
2372
-1
7067
8715
-1
-1
-1
3283
2521
5148
-1
-1
-1
4781
1987
4606
1520
-1
1750
-1
-1
-1
-1
-1
-1
-1
-1
-1
2597
-1
-1
2887
3011
-1
2795
-1
7051
-1
-1
-1
-1
-1
2175
2787
-1
4209
2424
-1
-1
-1
4493
6754
-1
-1
4796
-1
-1
-1
-1
-1
-1
-1
-1
5905
-1
-1
7683
-1
-1
-1
-1
-1
-1
1971
-1
1603
-1
-1
-1
-1
-1
-1
-1
-1
-1
2362
-1
-1
-1
2026
4453
5206
-1
-1
-1
2346
-1
-1
8185
-1
-1
4222
6254
6815
-1
-1
-1
-1
4683
6397
-1
-1
4070
2418
-1
-1
-1
4910
-1
2813
-1
-1
-1
-1
-1
-1
7410
-1
-1
-1
1767
-1
-1
-1
-1
-1
-1
-1
-1
6231
7820
6208
-1
-1
6455
-1
-1
-1
1431
-1
-1
-1
2215
-1
-1
-1
-1
-1
3339
5684
6643
2658
-1
6800
-1
-1
4260
-1
-1
-1
5501
-1
4073
-1
-1
1395
6880
-1
-1
-1
4531
-1
8728
8095
-1
-1
-1
1715
-1
7134
-1
8059
-1
-1
4525
-1
7086
-1
-1
-1
2384
-1
3798
6204
2803
-1
5477
-1
-1
-1
-1
-1
-1
-1
-1
-1
-1
4750
-1
-1
-1
-1
-1
-1
3941
-1
8665
8301
-1
-1
5363
-1
-1
-1
2375
-1
-1
2646
-1
-1
-1
-1
-1
1478
2626
-1
-1
5609
-1
-1
-1
5049
-1
6038
-1
-1
2298
-1
-1
1857
5644
8289
-1
4244
-1
3870
-1
-1
-1
4171
3975
-1
-1
-1
5203
-1
-1
2230
-1
6075
-1
7189
-1
-1
1818
-1
6725
-1
6795
-1
5462
4389
-1
8025
-1
-1
-1
-1
-1
-1
-1
-1
-1
-1
-1
-1
-1
-1
-1
1877
5744
-1
-1
7778
1886
4566
5376
5562
6914
3012
-1
-1
-1
-1
-1
7144
-1
5902
-1
2741
-1
4355
-1
7638
-1
-1
-1
-1
5698
-1
-1
4032
3774
-1
-1
-1
7962
-1
-1
-1
1250
3554
2657
-1
6875
7954
-1
-1
6328
3851
-1
-1
1575
-1
-1
-1
6282
-1
1522
-1
4694
7136
3316
6009
-1
-1
7055
5125
-1
1402
5791
-1
-1
1745
-1
7434
7059
-1
1361
4065
-1
6378
-1
-1
1374
-1
-1
5114
-1
-1
-1
4611
-1
4044
4081
-1
4929
2069
-1
5143
2567
-1
1845
2168
-1
-1
-1
4028
-1
-1
-1
-1
-1
2102
5974
3630
-1
6970
-1
-1
-1
4596
-1
-1
2630
-1
-1
-1
3108
8260
-1
-1
-1
-1
-1
7668
8690
2577
-1
-1
-1
-1
-1
6101
-1
6746
2257
-1
-1
8320
5308
-1
-1
7295
5985
-1
2078
-1
1897
1532
6904
1639
-1
-1
-1
7618
-1
-1
-1
6939
-1
1379
-1
-1
6539
6022
6273
4320
8275
-1
-1
-1
7874
1266
8417
-1
-1
-1
-1
7372
-1
-1
2099
-1
-1
-1
-1
-1
-1
3081
8063
4703
-1
-1
3104
1733
-1
2561
-1
-1
-1
-1
2118
-1
-1
-1
-1
-1
-1
-1
-1
-1
7987
4452
-1
-1
6285
3525
-1
-1
6369
8325
-1
7487
-1
-1
-1
-1
1335
-1
6638
2421
7702
-1
3647
-1
-1
-1
-1
-1
-1
6047
-1
2814
-1
1590
-1
6757
-1
-1
-1
-1
7654
-1
-1
-1
5709
-1
2849
2194
-1
-1
-1
4917
8238
-1
-1
6100
-1
5251
2954
-1
-1
6662
-1
-1
1779
-1
5194
-1
-1
-1
-1
5651
2820
-1
-1
1700
-1
-1
8426
7226
4149
6710
-1
-1
-1
3284
3660
2710
2252
8225
8300
-1
-1
-1
-1
-1
-1
-1
6203
1583
-1
-1
5827
-1
-1
6594
-1
-1
-1
7478
2755
-1
-1
-1
1396
4638
-1
-1
-1
-1
5510
-1
5218
-1
-1
-1
3651
-1
-1
6919
-1
-1
8582
-1
5614
-1
-1
-1
4345
-1
6450
-1
-1
5643
-1
-1
4550
-1
2245
-1
-1
5323
-1
-1
-1
-1
7799
-1
3908
5431
-1
5061
2515
-1
7813
-1
-1
-1
-1
5834
8694
-1
1935
-1
6493
-1
-1
-1
-1
-1
-1
-1
-1
-1
-1
-1
8561
6236
1566
6099
-1
2835
-1
-1
4872
-1
7317
1667
5813
-1
-1
-1
-1
-1
-1
-1
-1
8631
-1
1506
-1
-1
-1
-1
6423
-1
-1
7322
-1
3371
-1
-1
-1
8182
-1
8329
-1
5851
-1
2952
-1
4787
6768
-1
7103
-1
-1
-1
-1
-1
-1
-1
7934
-1
6252
-1
-1
-1
-1
5897
1488
-1
-1
5606
1842
3754
-1
8216
-1
-1
-1
6146
2885
3728
8054
-1
-1
6876
-1
4352
-1
-1
2687
7078
-1
-1
-1
-1
1377
-1
5972
-1
-1
3644
-1
-1
-1
-1
4695
-1
-1
-1
-1
6853
-1
-1
8279
-1
-1
-1
4024
-1
4046
-1
1333
-1
-1
-1
7664
8415
-1
-1
-1
6223
-1
-1
-1
-1
1803
-1
-1
-1
-1
-1
-1
8655
-1
4041
-1
-1
-1
-1
-1
2635
-1
-1
-1
-1
-1
4590
-1
-1
-1
-1
-1
-1
-1
-1
2207
-1
-1
8679
2822
-1
7834
-1
-1
-1
4718
2412
7031
6117
-1
4130
-1
-1
-1
-1
1652
-1
-1
-1
-1
-1
-1
-1
-1
-1
-1
-1
3110
4830
-1
-1
-1
2064
-1
2377
-1
-1
3342
-1
-1
-1
-1
-1
7943
-1
-1
-1
-1
-1
-1
2579
-1
-1
-1
4510
-1
3148
-1
5250
2870
-1
3426
-1
-1
-1
7074
-1
-1
-1
7044
-1
3726
6202
-1
8629
-1
4710
-1
-1
8717
-1
-1
-1
-1
5440
-1
-1
-1
-1
7232
-1
-1
5306
1493
5888
2596
5404
7751
7256
-1
-1
-1
3654
-1
-1
-1
-1
-1
-1
-1
-1
-1
-1
-1
-1
-1
5743
1752
-1
-1
-1
-1
-1
1353
4297
4564
-1
-1
4988
-1
-1
4775
-1
-1
7564
4103
5705
-1
-1
1548
-1
-1
3301
-1
-1
-1
-1
-1
-1
-1
-1
-1
-1
-1
7816
4740
7896
-1
-1
-1
-1
6996
-1
-1
-1
-1
2405
-1
-1
-1
-1
-1
8437
-1
-1
-1
-1
-1
-1
6150
1592
-1
-1
-1
6181
6462
1330
-1
-1
-1
-1
-1
4659
-1
-1
-1
-1
1262
-1
-1
2957
2977
2337
-1
-1
-1
-1
-1
-1
-1
7734
-1
7843
-1
-1
4347
-1
5091
-1
2663
5948
-1
-1
-1
-1
1937
-1
3695
3992
-1
-1
4105
-1
-1
-1
8362
-1
-1
-1
6629
1731
-1
-1
-1
-1
-1
-1
-1
-1
8181
7485
1448
5378
7675
2698
-1
-1
-1
6505
-1
-1
4275
7012
5287
-1
-1
6760
4601
4894
3288
-1
8217
7853
-1
-1
-1
-1
-1
4336
-1
8130
-1
-1
4805
-1
1510
3526
-1
-1
5039
6859
-1
3162
-1
1954
-1
-1
-1
6845
4208
-1
-1
-1
-1
-1
-1
8583
7887
-1
-1
-1
-1
-1
-1
5794
5724
-1
-1
-1
-1
-1
5641
-1
1290
-1
-1
-1
-1
-1
-1
-1
-1
-1
-1
6692
-1
-1
-1
-1
8401
-1
-1
4262
-1
-1
-1
-1
5847
4991
6415
-1
-1
1552
-1
-1
8648
-1
5524
-1
8292
-1
-1
7531
-1
-1
8383
-1
4252
3286
-1
6743
6171
-1
-1
5904
-1
-1
8335
8548
-1
-1
-1
3321
-1
1633
5160
-1
-1
2540
-1
-1
-1
4931
-1
-1
5242
-1
-1
-1
-1
6511
-1
-1
-1
6635
-1
-1
3953
5785
4591
-1
2260
-1
1503
-1
-1
8699
-1
-1
-1
-1
-1
-1
-1
7470
-1
-1
1332
-1
8190
-1
6765
8404
8523
-1
3862
-1
7121
-1
7919
8701
-1
-1
-1
3198
-1
-1
5648
-1
7499
-1
-1
5768
6994
-1
6752
-1
-1
3755
-1
7409
-1
8029
-1
-1
-1
-1
-1
-1
-1
-1
-1
6114
-1
-1
6691
-1
-1
4896
2343
4431
-1
2188
4954
6664
5336
-1
-1
-1
5105
-1
4369
-1
4941
-1
-1
7982
-1
-1
-1
-1
-1
-1
-1
-1
-1
7305
-1
-1
2396
7360
-1
2791
-1
-1
5686
-1
4376
7391
-1
-1
-1
-1
-1
-1
-1
3007
2105
1472
-1
-1
-1
-1
-1
3664
-1
4693
-1
-1
-1
-1
-1
-1
-1
-1
-1
-1
-1
-1
-1
-1
-1
-1
1411
-1
-1
-1
-1
-1
-1
8576
5511
-1
-1
1898
-1
7127
-1
2292
3135
-1
-1
-1
5443
2788
6532
-1
-1
-1
-1
-1
-1
-1
2212
5351
-1
5365
-1
-1
1710
-1
-1
-1
-1
5858
2573
-1
1855
1329
-1
-1
2988
5514
-1
5999
4641
-1
-1
6571
7735
-1
8067
6542
2331
-1
-1
-1
4319
-1
-1
3386
-1
-1
5715
1914
-1
-1
2248
-1
2197
-1
-1
8725
-1
-1
-1
2141
-1
-1
5820
-1
7988
7810
7711
6326
-1
-1
3270
1642
-1
-1
-1
-1
-1
-1
3608
-1
-1
-1
1718
-1
4667
-1
1827
-1
-1
-1
5193
-1
-1
5576
-1
-1
-1
-1
8122
-1
-1
4348
2437
-1
-1
-1
-1
-1
-1
-1
-1
-1
6518
-1
-1
-1
-1
-1
-1
-1
-1
6485
-1
-1
-1
-1
-1
-1
-1
4793
-1
1451
-1
6832
-1
-1
-1
5545
-1
6575
1655
-1
4572
-1
2991
-1
-1
-1
5845
-1
-1
-1
-1
-1
6591
4033
6755
-1
-1
2450
-1
6616
-1
-1
-1
7793
-1
-1
-1
5207
-1
-1
-1
6011
6411
-1
-1
-1
-1
-1
8126
2568
7612
-1
-1
-1
5112
6405
-1
4224
7155
7396
-1
5468
5757
-1
1372
-1
7383
5941
-1
-1
7854
-1
-1
-1
-1
-1
-1
5280
-1
-1
-1
2832
-1
2781
-1
-1
-1
-1
6251
5393
-1
4744
-1
-1
-1
-1
-1
1432
-1
5638
-1
-1
-1
4978
4697
-1
-1
-1
-1
6997
-1
8043
-1
-1
8600
-1
-1
-1
-1
-1
-1
5817
-1
1657
-1
6319
-1
2289
-1
-1
-1
5144
-1
-1
-1
5162
-1
4468
-1
5392
-1
7462
6311
-1
8365
-1
-1
2683
-1
-1
-1
-1
-1
5612
-1
-1
-1
3021
-1
-1
7223
5124
8481
1640
-1
-1
8128
-1
-1
-1
5826
-1
-1
-1
-1
5003
-1
1599
-1
7780
7672
8720
8172
-1
-1
-1
-1
-1
-1
2740
-1
7173
-1
-1
-1
-1
5680
3507
-1
-1
-1
5449
-1
6217
-1
7250
-1
-1
4314
-1
-1
8487
-1
-1
-1
5559
4855
-1
-1
-1
-1
3771
4188
-1
-1
-1
-1
2913
6844
3611
4893
-1
-1
-1
8105
-1
8703
-1
-1
7332
-1
6701
-1
-1
-1
4408
-1
5389
-1
-1
7062
-1
2453
-1
-1
-1
8698
-1
3672
-1
-1
1317
6777
8073
6014
6262
-1
-1
-1
1880
-1
-1
-1
-1
-1
-1
-1
-1
3838
-1
3920
1833
-1
-1
7251
-1
-1
8173
-1
-1
7042
-1
-1
-1
4876
4565
1919
7060
-1
-1
-1
-1
-1
-1
4533
-1
-1
-1
-1
1699
4732
-1
4047
-1
-1
4752
-1
4875
-1
-1
-1
-1
-1
-1
8081
-1
6688
-1
-1
-1
-1
-1
-1
5252
-1
-1
6663
5261
-1
1601
-1
-1
-1
1847
-1
-1
3748
4433
6807
8308
1705
6287
-1
5161
-1
-1
-1
2930
-1
-1
8388
7210
3621
-1
4134
-1
-1
7264
-1
-1
-1
-1
1573
-1
6270
-1
-1
-1
-1
-1
5498
1509
7694
1358
4356
-1
4734
6856
-1
8374
-1
-1
-1
-1
-1
-1
7715
7509
7998
-1
-1
1688
-1
-1
7914
3215
4361
-1
6640
-1
-1
1424
6566
5345
-1
-1
-1
1556
-1
-1
2394
-1
8259
-1
-1
-1
-1
-1
4928
-1
5240
-1
8324
-1
2584
-1
-1
7608
-1
5026
-1
3895
-1
-1
-1
2898
-1
-1
-1
6561
5764
-1
-1
8209
-1
-1
-1
-1
-1
-1
8136
-1
-1
7521
-1
-1
7420
1943
5711
-1
-1
4808
-1
1956
5577
4691
-1
-1
-1
1933
-1
-1
7514
-1
-1
-1
4003
2667
-1
-1
8630
-1
-1
6634
-1
-1
-1
-1
-1
-1
2917
-1
-1
5598
2002
7563
2771
7885
1801
-1
3916
-1
5531
-1
-1
-1
-1
-1
-1
-1
2422
-1
-1
5482
6846
1661
-1
-1
5406
-1
8682
1623
1442
-1
-1
-1
-1
-1
2319
-1
-1
2059
-1
-1
7539
-1
-1
4863
6310
8427
5134
8211
-1
1276
-1
8449
-1
-1
-1
-1
-1
-1
6371
4594
-1
-1
-1
-1
-1
-1
-1
6234
7904
6683
-1
-1
-1
-1
3784
-1
3789
-1
-1
-1
1446
-1
-1
2253
7832
6924
2332
6622
2613
-1
-1
6401
-1
-1
2535
3606
1381
-1
-1
6280
6739
-1
-1
-1
-1
-1
1297
-1
-1
-1
-1
-1
-1
-1
7782
5534
-1
-1
-1
-1
2393
2587
-1
-1
-1
-1
-1
-1
-1
-1
-1
4821
7236
-1
6103
4114
-1
-1
-1
-1
-1
-1
5797
6718
5853
6377
4331
-1
2293
-1
-1
-1
-1
6078
-1
-1
-1
-1
6992
-1
-1
6264
6588
-1
-1
2490
-1
-1
-1
-1
-1
3915
-1
7491
-1
3364
6655
1760
5401
7199
-1
4110
-1
-1
4539
-1
3206
-1
-1
-1
-1
7445
2983
-1
7003
-1
4087
7142
6430
5424
5605
3472
2438
-1
-1
-1
7336
4264
4560
-1
-1
-1
-1
-1
8214
-1
7166
2238
4661
-1
-1
-1
7481
6314
-1
1384
1598
-1
-1
-1
3740
8496
-1
-1
4443
3551
4541
2116
7931
-1
3216
3158
2101
-1
7915
-1
-1
-1
6740
8035
5856
-1
-1
6900
6207
-1
-1
-1
-1
4380
-1
6444
-1
7899
1560
-1
1775
-1
6722
-1
-1
2753
3653
-1
4248
-1
3770
-1
1918
-1
-1
6607
-1
-1
-1
-1
8158
3313
7792
-1
-1
-1
1551
-1
-1
-1
-1
-1
-1
-1
8572
8349
2690
4095
-1
-1
2325
-1
-1
7986
3646
-1
-1
-1
4204
6168
-1
-1
-1
3844
5243
-1
-1
6448
2807
2302
-1
6687
8456
-1
-1
2532
2417
-1
7271
-1
-1
-1
-1
-1
5099
-1
-1
-1
-1
-1
-1
-1
-1
5244
-1
-1
1626
6596
-1
4656
-1
-1
-1
-1
-1
-1
-1
-1
-1
-1
-1
-1
6042
-1
-1
-1
-1
-1
-1
-1
5993
3171
-1
-1
-1
-1
-1
-1
7002
1739
-1
-1
3735
-1
5796
-1
-1
-1
-1
-1
5915
-1
-1
-1
3491
5425
7323
6004
3490
2751
-1
-1
2609
1536
1504
4801
-1
-1
8012
1279
8623
5519
-1
6883
-1
-1
4554
-1
-1
-1
-1
-1
-1
-1
-1
2777
7244
-1
-1
-1
5407
3865
4570
-1
-1
-1
1768
-1
-1
3897
5115
-1
-1
-1
-1
4338
-1
-1
-1
-1
3159
-1
-1
3756
4198
3848
-1
7901
2721
-1
-1
-1
3403
3013
-1
3617
-1
-1
-1
7043
-1
-1
5427
-1
-1
3776
-1
8677
-1
1285
4754
3521
6191
-1
5720
-1
-1
7789
5850
-1
-1
5708
1482
-1
-1
-1
-1
-1
-1
4823
-1
-1
5383
2537
-1
-1
-1
6700
-1
7047
1793
-1
-1
8212
-1
7614
-1
-1
-1
2951
2995
-1
7642
5561
-1
3181
5329
7331
-1
-1
-1
6656
-1
-1
7513
3084
-1
6303
-1
8232
-1
-1
1299
1267
-1
-1
-1
8742
8589
-1
8114
1553
-1
6898
3015
-1
-1
-1
-1
-1
-1
-1
7744
-1
7438
4037
1769
4440
-1
-1
-1
-1
-1
-1
4020
7700
-1
6983
-1
-1
-1
-1
1529
-1
7068
-1
4057
-1
-1
6133
3099
1972
-1
-1
2334
8697
2021
-1
-1
-1
-1
7870
-1
8459
-1
2251
1800
2801
1980
-1
-1
-1
-1
-1
-1
-1
-1
-1
-1
3131
-1
-1
-1
-1
-1
-1
6316
3078
-1
-1
-1
7376
7170
-1
1932
-1
-1
-1
-1
-1
-1
-1
-1
4441
-1
-1
8164
-1
8273
-1
-1
5352
2222
-1
1558
-1
2063
2718
-1
-1
-1
8505
2502
1708
-1
4498
5979
-1
-1
-1
3119
-1
-1
-1
7593
-1
-1
-1
-1
2210
-1
-1
6967
6793
-1
2789
-1
-1
-1
-1
-1
6058
-1
-1
4487
4643
-1
-1
-1
-1
5053
2279
-1
-1
-1
-1
-1
-1
3425
1398
-1
1741
-1
4422
-1
3852
-1
-1
-1
-1
-1
-1
-1
-1
-1
-1
-1
5047
-1
6074
-1
-1
4892
4580
-1
7698
4419
-1
-1
5212
-1
7738
-1
5860
-1
-1
-1
5353
-1
-1
-1
3485
5617
1343
6404
4375
-1
5441
-1
8129
-1
-1
6297
-1
-1
-1
-1
-1
-1
-1
4604
-1
6731
-1
-1
4795
7482
-1
-1
-1
-1
-1
-1
2598
7422
4308
6522
4715
7054
-1
8702
3709
4278
1546
-1
-1
8169
-1
2150
-1
1844
-1
-1
-1
-1
5512
-1
-1
2902
5517
-1
-1
2097
-1
-1
-1
3766
-1
-1
-1
-1
-1
-1
-1
-1
-1
6018
-1
-1
-1
8280
-1
7587
-1
-1
-1
-1
-1
-1
1804
-1
7615
1565
7057
1653
-1
2076
3010
-1
-1
4627
8492
6999
-1
1414
-1
-1
7075
6257
2458
-1
3483
-1
4059
6679
4002
-1
-1
-1
-1
-1
-1
-1
-1
5274
-1
-1
8108
-1
-1
-1
7809
4836
8044
-1
4106
-1
-1
2901
3191
-1
-1
-1
-1
-1
-1
-1
-1
-1
6550
-1
-1
5142
-1
6010
-1
-1
-1
-1
5832
-1
-1
5165
4633
-1
-1
4251
8569
7209
4454
-1
6627
8602
-1
5487
3404
-1
-1
-1
-1
-1
-1
3027
-1
-1
8141
7124
7366
-1
-1
3968
-1
-1
3457
2526
-1
-1
3878
-1
4926
-1
-1
-1
8435
5101
-1
-1
-1
-1
-1
8047
-1
1716
-1
8611
3822
-1
-1
-1
4377
-1
4286
-1
5245
-1
5547
-1
-1
-1
-1
-1
-1
5543
-1
2998
-1
-1
-1
-1
4274
-1
-1
6836
-1
-1
-1
-1
-1
-1
-1
-1
7552
-1
1828
8464
-1
-1
-1
-1
3566
-1
-1
5108
-1
-1
-1
-1
-1
6229
7542
-1
-1
6895
-1
6962
-1
-1
7428
7035
8066
6503
1851
-1
-1
1784
-1
1264
-1
-1
-1
8608
-1
4481
-1
5556
-1
6211
8189
-1
7762
-1
3023
-1
-1
-1
6060
3360
7720
-1
7081
-1
3541
-1
-1
4492
-1
-1
2612
-1
5464
-1
-1
-1
-1
-1
-1
2506
6597
-1
-1
-1
-1
-1
-1
2414
-1
-1
7137
-1
4181
-1
-1
-1
2420
-1
-1
-1
-1
-1
5874
-1
5133
-1
5460
-1
-1
-1
5032
2075
-1
-1
3912
-1
-1
3923
6324
-1
7030
-1
3292
-1
-1
-1
-1
-1
-1
-1
2410
-1
-1
-1
-1
-1
6294
-1
-1
5589
4688
-1
-1
-1
-1
-1
-1
5927
-1
-1
3465
5119
3775
-1
-1
-1
-1
6989
-1
-1
-1
2544
1693
3605
-1
8445
-1
4767
-1
7333
-1
-1
2112
-1
-1
-1
7571
3657
6124
-1
-1
-1
5526
-1
1888
-1
1616
-1
7119
-1
-1
5259
3656
-1
-1
-1
-1
-1
-1
-1
-1
-1
1436
-1
-1
6698
4235
-1
-1
-1
-1
2845
5253
8161
-1
2470
-1
-1
6834
-1
-1
-1
-1
-1
3609
-1
-1
3096
-1
8036
-1
-1
-1
5178
2051
8385
5663
-1
1673
-1
-1
-1
-1
-1
-1
-1
-1
-1
-1
-1
-1
-1
-1
-1
-1
-1
-1
-1
-1
-1
5051
3880
-1
-1
3760
4891
-1
-1
-1
5418
6604
8707
-1
-1
-1
-1
-1
-1
6389
-1
6353
-1
-1
1502
-1
2244
8115
-1
-1
-1
-1
4648
-1
2758
-1
-1
-1
-1
3107
-1
-1
-1
8672
-1
2715
-1
-1
5947
-1
-1
-1
6218
-1
1654
-1
-1
1470
1668
1273
-1
-1
6019
-1
-1
-1
2290
-1
4220
-1
-1
-1
-1
-1
-1
5310
7089
-1
-1
-1
-1
2236
-1
-1
-1
5884
-1
-1
-1
-1
-1
3302
-1
-1
-1
5570
-1
3787
-1
3413
-1
-1
4944
-1
-1
1260
-1
-1
5966
7167
3092
-1
-1
7557
-1
-1
-1
-1
4085
1841
-1
-1
-1
-1
-1
4960
-1
6213
5600
-1
-1
3320
6617
5473
-1
-1
2918
-1
-1
-1
-1
-1
-1
7319
-1
-1
-1
5795
-1
3614
3274
7745
4089
-1
6131
-1
-1
-1
6363
-1
-1
1765
-1
-1
-1
-1
-1
4074
-1
7484
6721
-1
-1
2880
2838
3562
-1
1261
-1
-1
-1
-1
-1
-1
-1
-1
-1
6186
-1
6239
-1
-1
-1
4159
6922
-1
6717
-1
-1
3686
3273
-1
4417
-1
-1
-1
-1
-1
-1
-1
8579
2015
-1
8724
-1
-1
-1
6403
-1
-1
8237
1848
-1
-1
-1
-1
4887
-1
2124
4079
1722
-1
-1
2081
-1
3603
1820
3114
1629
-1
5689
-1
-1
4141
-1
7175
2776
-1
-1
-1
5170
1564
-1
-1
1736
-1
-1
-1
-1
-1
-1
-1
-1
1945
2007
-1
2527
4747
3820
-1
6144
3358
7548
5933
-1
-1
-1
4864
-1
4163
3165
-1
-1
-1
-1
3098
-1
-1
-1
-1
-1
5062
-1
3177
3314
-1
-1
-1
5930
2096
-1
2492
5870
-1
-1
-1
3009
-1
-1
2543
2661
-1
-1
-1
2274
-1
4043
-1
-1
3909
2354
7187
3444
-1
-1
6054
4068
-1
-1
4250
-1
1594
-1
3600
-1
3732
-1
-1
-1
-1
-1
-1
4203
7836
-1
-1
4776
7543
-1
-1
4097
1670
-1
8139
-1
4722
-1
-1
-1
-1
5399
-1
-1
5201
-1
8099
-1
-1
-1
-1
-1
4366
-1
-1
-1
-1
4720
3187
-1
-1
-1
-1
4574
-1
-1
8705
-1
1610
-1
-1
-1
2722
-1
-1
-1
2267
6039
2681
-1
-1
-1
-1
-1
-1
1942
6993
-1
-1
-1
3855
6745
-1
-1
3785
2275
6944
7797
-1
-1
-1
5681
2629
-1
-1
-1
2231
8204
-1
3875
-1
7847
-1
-1
-1
-1
-1
-1
-1
-1
6291
4491
8544
-1
-1
7303
-1
6697
-1
-1
6981
-1
-1
2229
-1
-1
-1
-1
4982
7881
2100
3326
-1
-1
5055
7704
3224
5664
3280
2908
-1
-1
3468
1347
-1
-1
-1
-1
5763
-1
7172
-1
2276
-1
-1
-1
-1
-1
-1
-1
-1
2264
6132
-1
-1
-1
-1
-1
4745
-1
-1
3700
-1
-1
-1
8318
3624
-1
6558
-1
-1
-1
7421
-1
-1
-1
-1
-1
2316
8634
-1
3365
6517
7632
3976
-1
5294
-1
-1
-1
-1
-1
2228
-1
8382
-1
-1
7017
-1
-1
4799
-1
-1
-1
5752
-1
-1
-1
7613
-1
4761
2203
5066
5697
-1
-1
-1
-1
-1
4012
6457
-1
-1
-1
-1
-1
3122
-1
-1
-1
-1
-1
-1
-1
-1
5657
-1
-1
-1
1961
4018
4669
3449
-1
-1
-1
-1
-1
-1
-1
-1
-1
-1
4906
2990
4546
3670
4911
5673
7993
6813
6161
-1
5072
-1
6642
5154
7756
-1
-1
-1
-1
8274
-1
-1
3585
5077
-1
6583
-1
1726
-1
8674
4614
3907
7373
-1
2494
2974
-1
5603
-1
-1
7701
4086
6874
-1
2184
2508
-1
-1
-1
-1
5324
-1
-1
-1
-1
-1
-1
1571
-1
-1
-1
5737
-1
-1
-1
6500
2783
-1
-1
5995
-1
3706
-1
-1
-1
4501
2745
4199
7214
4287
-1
-1
-1
4034
-1
5012
-1
5767
-1
-1
-1
2087
8347
-1
2749
-1
4955
4738
-1
-1
5539
1785
-1
-1
-1
-1
-1
5408
-1
2823
1319
-1
2770
-1
-1
6568
-1
-1
6614
-1
1885
1602
-1
8577
4903
3361
-1
-1
-1
-1
-1
1489
-1
-1
-1
1545
4076
-1
-1
-1
-1
6391
4429
8510
-1
2925
7888
6355
-1
-1
-1
6878
-1
-1
-1
-1
4473
-1
-1
-1
6769
-1
-1
5593
-1
-1
-1
-1
-1
3258
-1
-1
-1
6434
6235
-1
2533
2259
-1
-1
-1
2269
-1
-1
-1
-1
-1
-1
-1
5945
-1
-1
-1
-1
6249
7787
-1
2145
-1
-1
-1
-1
6263
-1
-1
-1
6776
6711
4707
2216
2131
-1
6242
-1
6706
-1
7658
-1
-1
-1
-1
2962
4125
1591
-1
-1
-1
-1
-1
-1
-1
-1
-1
-1
-1
-1
-1
-1
-1
-1
-1
-1
4008
-1
-1
-1
8508
2932
-1
-1
-1
-1
4175
-1
-1
-1
-1
3475
7973
-1
-1
-1
-1
3124
-1
-1
-1
-1
-1
1589
-1
-1
8057
-1
-1
5277
-1
7693
-1
7365
2079
-1
7663
-1
2847
3558
-1
-1
-1
-1
-1
-1
7490
-1
4971
-1
4784
7406
-1
-1
-1
-1
-1
-1
-1
-1
2665
-1
-1
-1
-1
-1
-1
-1
1383
-1
6552
-1
-1
5857
1499
-1
1921
-1
5466
6826
3889
-1
-1
4992
-1
-1
-1
-1
2205
-1
-1
-1
-1
7989
-1
6945
-1
-1
4829
4505
-1
-1
1685
-1
4555
6370
-1
-1
-1
-1
2411
-1
5157
-1
-1
-1
-1
-1
1313
-1
-1
-1
7891
8176
-1
4321
-1
-1
-1
4111
-1
-1
-1
-1
-1
6056
-1
-1
-1
-1
-1
-1
-1
6897
2916
-1
6394
-1
-1
3261
-1
-1
3203
2967
8355
3891
2973
-1
5263
-1
4640
-1
-1
-1
-1
-1
5659
-1
1874
-1
-1
-1
7033
-1
-1
-1
-1
-1
-1
-1
-1
1887
-1
6417
-1
-1
-1
-1
2350
-1
3954
-1
-1
7392
-1
-1
-1
-1
-1
-1
-1
-1
-1
5131
2132
-1
-1
-1
1647
6484
-1
3767
-1
-1
-1
-1
-1
8581
-1
-1
-1
-1
6737
-1
-1
-1
3704
-1
-1
1491
2086
-1
-1
2627
-1
-1
-1
8708
-1
8351
-1
6478
7990
-1
-1
-1
-1
8284
-1
-1
-1
4945
5001
-1
-1
4165
-1
-1
-1
-1
8590
-1
-1
-1
-1
-1
-1
-1
-1
-1
-1
6089
-1
2637
8622
6116
-1
-1
6771
7417
2872
3034
-1
-1
4610
-1
-1
-1
-1
7430
7476
3345
7219
-1
-1
-1
-1
-1
-1
4995
-1
6528
-1
-1
7882
-1
-1
8154
-1
8152
6360
-1
-1
4913
-1
-1
8140
4737
8458
-1
-1
4445
5262
-1
3156
6061
1434
-1
-1
-1
2281
-1
-1
-1
-1
6283
3984
-1
-1
-1
2610
2166
-1
-1
-1
-1
4464
2147
-1
-1
-1
-1
4859
6043
-1
3070
-1
-1
-1
4122
7629
-1
-1
-1
2456
-1
-1
-1
-1
7573
-1
6129
-1
-1
5145
4219
-1
-1
-1
-1
4708
-1
-1
-1
-1
-1
-1
-1
-1
-1
-1
3086
2911
-1
-1
5042
-1
-1
3846
-1
2446
1761
-1
4332
-1
5555
8482
4101
-1
2906
4764
-1
-1
-1
-1
-1
-1
-1
-1
-1
7835
-1
-1
6569
3788
-1
-1
-1
-1
-1
-1
7600
-1
-1
5499
-1
-1
6238
-1
3590
7800
-1
3055
2924
6073
-1
4439
-1
-1
-1
-1
-1
-1
-1
-1
-1
2981
-1
-1
-1
7729
-1
-1
-1
-1
-1
-1
-1
-1
5740
-1
-1
-1
3100
-1
3248
-1
-1
-1
-1
-1
4709
-1
-1
-1
-1
5950
6584
-1
-1
1854
-1
7641
8615
-1
-1
-1
-1
8601
-1
-1
6166
5722
-1
-1
-1
1748
6086
5823
-1
7090
2122
-1
-1
4912
3482
7231
-1
-1
-1
2876
4559
-1
4216
-1
-1
2593
-1
6088
-1
2038
-1
-1
-1
5523
5824
-1
-1
-1
2929
1365
7812
-1
7676
2126
5618
3843
4828
-1
-1
7115
-1
-1
5679
1949
-1
8291
1753
7727
-1
-1
-1
-1
-1
6804
-1
-1
-1
1486
-1
8133
-1
6940
-1
-1
-1
-1
-1
-1
7766
8405
-1
-1
2055
-1
5506
4259
-1
-1
-1
-1
3134
4519
-1
-1
-1
4215
-1
3179
1815
4056
-1
-1
7475
-1
-1
-1
7643
-1
5381
-1
2226
-1
-1
-1
8017
-1
2358
1476
-1
1342
6637
-1
-1
7389
3265
8684
7208
-1
-1
-1
3112
-1
-1
7368
8645
-1
2400
-1
-1
1320
-1
-1
4128
-1
2701
-1
-1
-1
-1
6126
2307
5566
-1
-1
4756
-1
-1
7235
2976
-1
5887
-1
-1
-1
-1
1309
-1
-1
-1
6908
-1
-1
3696
-1
-1
-1
3506
3742
-1
-1
8743
7878
-1
-1
-1
-1
3101
-1
-1
3142
3432
-1
-1
7558
-1
2300
1969
-1
2181
-1
4238
1375
7942
-1
1359
-1
3503
5050
-1
7016
-1
8551
-1
-1
8575
2504
4349
-1
5303
8741
-1
-1
1830
7032
2018
-1
6959
2428
2868
-1
-1
6268
-1
-1
-1
6952
-1
-1
-1
-1
-1
2851
-1
-1
-1
-1
-1
-1
6930
-1
4139
7354
5344
3450
-1
-1
-1
-1
-1
8612
8592
5761
-1
-1
-1
-1
6515
-1
1692
3060
1964
-1
-1
-1
8218
-1
-1
-1
-1
-1
-1
-1
3936
7284
8745
-1
5011
-1
-1
-1
-1
-1
-1
-1
-1
-1
-1
-1
-1
7737
1837
3431
-1
-1
6156
-1
-1
-1
7408
-1
-1
2061
-1
-1
-1
1554
-1
5448
-1
4339
-1
2496
-1
3570
-1
2107
-1
7426
2534
-1
2877
-1
3306
-1
1894
-1
-1
-1
4475
2881
2340
-1
-1
1807
8310
-1
-1
-1
-1
-1
-1
-1
4739
1608
7688
6579
-1
3429
-1
1430
-1
8737
3612
-1
-1
-1
-1
5762
-1
4185
-1
-1
7207
-1
-1
8254
-1
-1
6798
-1
6540
-1
-1
-1
-1
-1
2110
3983
3702
4626
5491
6096
-1
-1
3595
-1
7838
-1
-1
-1
-1
3050
-1
8527
-1
-1
-1
-1
5285
5271
-1
8656
-1
5621
-1
-1
2864
-1
-1
-1
-1
-1
-1
-1
-1
-1
-1
2129
-1
-1
5255
-1
-1
5931
-1
-1
-1
-1
-1
7386
-1
-1
7578
-1
-1
2329
-1
-1
-1
4628
-1
-1
6501
7130
-1
-1
6963
-1
4586
-1
-1
-1
-1
6175
-1
-1
-1
-1
-1
-1
-1
-1
-1
-1
-1
-1
-1
-1
-1
8339
-1
-1
-1
-1
4712
-1
7505
5787
1959
1900
4061
5750
1433
-1
2852
-1
6289
8595
-1
6957
3557
-1
6358
-1
5158
-1
-1
-1
3481
3533
-1
-1
-1
2964
-1
-1
2258
-1
-1
-1
-1
-1
-1
-1
1792
7730
-1
1303
-1
-1
-1
-1
-1
6205
-1
-1
3812
7604
-1
-1
4009
-1
8229
-1
5726
-1
4007
7180
4721
-1
3058
-1
-1
8165
-1
6835
-1
-1
-1
3858
3922
6479
6877
-1
2330
3899
5777
-1
5954
-1
-1
-1
-1
-1
-1
-1
-1
-1
-1
6344
-1
-1
-1
7397
-1
6525
-1
-1
-1
3828
4900
5029
8558
-1
-1
-1
-1
-1
-1
-1
-1
2659
-1
-1
1982
7923
-1
-1
-1
2049
-1
-1
5650
-1
-1
7846
-1
7837
-1
-1
-1
-1
6712
-1
-1
4704
-1
-1
-1
-1
6120
4144
-1
-1
-1
-1
-1
-1
2525
1341
-1
-1
-1
-1
-1
-1
3479
-1
4853
-1
-1
-1
5563
-1
5914
3247
6590
-1
-1
-1
1823
-1
6220
8258
-1
-1
-1
-1
-1
-1
3662
2162
5504
-1
-1
-1
8621
-1
4299
-1
3921
-1
-1
3757
6825
-1
-1
-1
-1
8642
2058
3115
-1
-1
6620
-1
7085
-1
-1
1915
-1
5397
-1
3722
-1
-1
-1
-1
-1
8610
8146
-1
8366
-1
-1
6666
-1
7822
1923
3200
2386
-1
-1
6436
3718
-1
-1
-1
7212
-1
-1
-1
1709
-1
-1
-1
-1
-1
-1
6196
5919
-1
-1
3583
-1
-1
-1
-1
-1
1327
-1
-1
-1
-1
-1
6905
3893
-1
-1
-1
7625
5520
2946
2415
2262
3080
-1
5288
-1
-1
-1
-1
-1
2566
4232
-1
-1
-1
-1
-1
-1
1861
-1
-1
6923
3236
-1
-1
4673
6979
-1
8253
1687
-1
-1
-1
-1
-1
-1
2858
-1
-1
-1
7316
-1
7773
7941
5808
6317
-1
1525
4080
-1
-1
-1
-1
-1
-1
6603
3761
-1
-1
1534
-1
5196
3703
-1
-1
-1
5200
-1
-1
6812
3333
-1
2047
3645
-1
-1
-1
-1
5775
-1
-1
-1
4925
5130
7526
-1
5868
-1
3898
-1
3393
-1
-1
-1
-1
-1
-1
-1
-1
-1
5309
-1
-1
-1
-1
-1
-1
7689
-1
-1
-1
-1
-1
3253
-1
4577
-1
-1
-1
-1
-1
-1
1724
-1
-1
2559
-1
-1
2341
-1
5436
3143
-1
1392
-1
-1
7732
6245
2960
-1
8641
1281
-1
-1
7595
5812
5837
2294
-1
1543
6508
8295
-1
-1
7950
-1
-1
7504
-1
-1
5225
6376
7325
8409
2784
-1
-1
-1
4040
1795
-1
3744
-1
2576
-1
5359
6516
-1
3489
4612
-1
-1
-1
-1
-1
1389
-1
3965
-1
4619
-1
-1
-1
-1
-1
-1
2378
2333
-1
-1
-1
-1
-1
5604
-1
1541
-1
-1
3382
-1
-1
-1
-1
5771
-1
-1
-1
8121
7791
-1
-1
6927
5951
-1
-1
-1
4318
-1
-1
4902
-1
-1
-1
8547
5315
1291
3446
4599
1345
-1
-1
5113
-1
-1
-1
-1
-1
-1
-1
-1
-1
-1
-1
-1
7171
-1
-1
-1
-1
-1
-1
7153
-1
-1
-1
-1
3398
-1
-1
5778
3615
1501
-1
-1
4145
-1
-1
6425
-1
3433
-1
6305
6080
-1
7292
5122
-1
-1
6819
-1
-1
-1
-1
-1
-1
-1
7991
-1
-1
-1
-1
-1
2874
-1
-1
-1
5299
5742
2617
-1
-1
6849
-1
-1
-1
-1
5169
-1
-1
4534
6899
8252
-1
-1
1676
5721
8354
-1
-1
1516
2501
7970
-1
-1
8439
-1
1462
-1
-1
-1
8116
-1
-1
5249
-1
2201
-1
-1
-1
-1
-1
-1
-1
8400
-1
-1
1714
2161
-1
8096
3399
-1
-1
-1
5801
-1
5421
6118
-1
5270
-1
2968
-1
8647
3453
6665
-1
-1
-1
-1
-1
-1
7645
-1
-1
-1
-1
-1
8662
-1
-1
5898
1479
6802
-1
-1
-1
7667
-1
-1
8554
-1
5024
-1
-1
-1
-1
2547
8485
-1
8734
4039
-1
-1
6611
-1
-1
-1
-1
5883
-1
3956
-1
-1
-1
3312
-1
2756
-1
-1
-1
-1
-1
5535
2768
-1
-1
2004
-1
1757
-1
8640
-1
7561
-1
2830
-1
-1
-1
3002
-1
-1
-1
5701
-1
8041
-1
-1
-1
3831
1401
3424
-1
8315
3065
5992
3308
-1
5337
-1
-1
-1
-1
-1
-1
-1
-1
3516
7324
8718
-1
5952
-1
-1
7004
-1
5126
-1
-1
2383
-1
6932
-1
-1
-1
4100
-1
-1
4403
5595
-1
-1
-1
-1
6563
5346
-1
-1
-1
-1
-1
2516
-1
-1
6514
-1
-1
2935
-1
-1
-1
-1
4950
4467
6451
-1
-1
2487
-1
4932
-1
-1
-1
4004
6318
-1
-1
-1
-1
-1
-1
-1
-1
-1
-1
-1
-1
6402
-1
-1
1962
-1
-1
2443
6272
-1
2326
7699
-1
-1
2695
8467
1749
-1
1563
-1
-1
-1
-1
-1
4873
-1
3520
-1
3409
4625
-1
-1
2351
-1
2772
3202
6648
-1
4420
-1
-1
-1
-1
-1
3277
-1
-1
-1
3210
3438
6647
-1
4927
-1
-1
-1
-1
6464
-1
-1
-1
7956
1778
-1
-1
-1
-1
8722
-1
-1
4774
2225
-1
-1
-1
-1
8391
7769
-1
-1
3997
-1
6312
-1
5635
-1
-1
7116
-1
-1
-1
-1
2856
-1
-1
-1
4506
5188
-1
-1
-1
-1
-1
-1
-1
-1
-1
1295
-1
-1
-1
-1
7357
-1
-1
7743
-1
-1
-1
3502
-1
-1
5916
-1
2746
3622
6714
-1
-1
-1
-1
-1
4214
-1
2863
-1
-1
1819
-1
8461
-1
4184
5802
-1
6838
6612
-1
-1
-1
2726
-1
-1
-1
-1
1859
-1
-1
-1
1363
7036
5730
-1
-1
-1
-1
1628
-1
3217
7220
-1
1348
-1
-1
-1
-1
-1
2735
2623
-1
-1
-1
-1
-1
4956
6851
-1
7569
-1
-1
-1
-1
4192
-1
-1
-1
6884
1294
-1
7937
-1
3263
6445
-1
3249
-1
-1
6774
5624
8052
3522
-1
-1
-1
-1
-1
-1
-1
-1
2725
6209
6949
7656
4249
-1
1814
-1
8463
7510
-1
-1
-1
-1
-1
-1
-1
4096
-1
-1
-1
-1
-1
-1
7681
-1
-1
-1
4562
2043
-1
-1
-1
8381
-1
-1
-1
-1
-1
-1
3881
6661
4117
4635
3829
2128
2263
-1
-1
4666
-1
-1
-1
6902
-1
-1
-1
-1
8086
-1
-1
4972
2843
6136
-1
3359
6554
-1
-1
-1
8220
6398
8341
-1
-1
-1
-1
-1
-1
7605
-1
-1
-1
-1
3188
-1
-1
7148
-1
8664
-1
7459
5747
8606
7677
-1
-1
-1
-1
7026
-1
5723
-1
-1
1512
-1
-1
-1
-1
-1
-1
-1
-1
3906
-1
5087
-1
-1
3792
4869
8488
7027
-1
-1
-1
-1
1984
-1
-1
7905
-1
-1
-1
-1
2091
-1
-1
6644
-1
-1
8021
-1
4997
-1
-1
-1
-1
-1
6333
-1
1540
8451
-1
-1
-1
6708
1645
-1
3884
5963
7312
7685
7290
3814
-1
-1
5493
5152
1394
3943
-1
-1
-1
-1
-1
1435
8346
-1
-1
3689
6941
-1
2407
-1
8483
-1
5833
-1
-1
-1
-1
-1
3619
-1
5935
7099
1774
-1
-1
-1
-1
6758
4999
-1
-1
-1
-1
2219
-1
2712
-1
-1
1648
-1
1388
7469
-1
-1
-1
6839
2919
6267
7370
2805
-1
3443
-1
-1
-1
-1
8178
-1
-1
-1
2397
7145
1622
-1
3141
-1
5619
-1
3493
-1
-1
-1
8638
-1
7757
-1
2605
-1
-1
-1
-1
6574
-1
-1
-1
-1
-1
3594
3991
-1
-1
7246
-1
-1
5551
-1
1986
1513
1787
-1
-1
1600
-1
-1
-1
-1
-1
-1
-1
-1
7254
-1
-1
-1
-1
-1
1899
-1
-1
-1
-1
1664
-1
3407
-1
-1
-1
-1
-1
-1
-1
-1
2472
-1
7935
-1
7596
-1
2208
-1
-1
4817
6137
6646
7574
-1
-1
-1
6097
6732
-1
-1
6138
6735
5513
-1
4629
-1
-1
-1
6986
-1
-1
3778
4839
-1
4362
2426
-1
8125
-1
-1
-1
-1
-1
7435
-1
4309
-1
2249
-1
-1
-1
-1
7096
2589
5565
-1
-1
4760
-1
-1
-1
7890
-1
-1
-1
-1
7321
-1
7707
-1
-1
6447
4483
4384
7620
-1
-1
-1
-1
-1
-1
-1
4762
-1
-1
-1
-1
-1
-1
-1
7024
7069
-1
-1
-1
-1
6809
-1
7112
-1
-1
3827
1679
-1
-1
-1
6400
-1
-1
-1
6580
4031
7588
-1
-1
-1
3773
-1
-1
-1
-1
-1
-1
-1
6431
-1
1821
-1
-1
-1
3094
-1
8223
7133
-1
1469
-1
-1
-1
-1
-1
-1
-1
-1
8402
2649
6437
-1
5575
-1
3334
-1
3859
1917
-1
-1
-1
-1
-1
-1
-1
1475
-1
-1
-1
-1
-1
-1
3684
3698
-1
-1
-1
-1
-1
-1
-1
1634
1438
-1
7687
3796
-1
-1
-1
-1
-1
5035
-1
-1
-1
-1
-1
3596
-1
2221
4881
-1
-1
-1
-1
2779
-1
8027
1738
-1
3659
-1
-1
7277
-1
6749
-1
2956
6442
-1
-1
6912
-1
-1
-1
-1
-1
4315
6206
-1
2747
-1
-1
-1
-1
2093
-1
-1
-1
1505
-1
4359
-1
-1
-1
7083
1304
-1
-1
4471
6543
-1
1671
-1
4865
4725
-1
-1
-1
-1
-1
-1
-1
-1
-1
-1
-1
1901
4187
-1
4343
6474
6008
1457
-1
-1
-1
-1
-1
3341
-1
-1
3174
-1
3338
-1
-1
-1
-1
-1
-1
2575
1263
-1
-1
-1
-1
-1
-1
7260
-1
-1
-1
-1
-1
-1
-1
6255
-1
-1
3116
7585
1307
6937
-1
7805
-1
-1
-1
-1
-1
3496
-1
-1
4731
4107
2531
8556
-1
-1
-1
4265
5953
-1
-1
3069
3971
3841
-1
1481
-1
-1
-1
4797
-1
-1
-1
-1
-1
-1
6926
-1
4809
8495
-1
-1
-1
2419
-1
5284
-1
4701
-1
-1
-1
1385
1298
-1
7150
-1
-1
-1
1965
3674
3547
7064
8031
7306
-1
3026
6788
-1
-1
-1
4816
-1
-1
5822
7280
-1
-1
7361
-1
-1
-1
-1
3833
-1
-1
-1
-1
6756
7401
-1
-1
-1
-1
1378
-1
-1
-1
-1
-1
2615
-1
7343
-1
8257
4387
8083
-1
3777
-1
5348
5021
-1
1686
-1
-1
-1
-1
-1
5687
-1
-1
-1
4700
-1
-1
1881
-1
6888
-1
-1
-1
4567
-1
6331
-1
-1
2077
8493
-1
-1
-1
-1
-1
-1
3463
-1
-1
-1
-1
8061
-1
5676
6868
-1
-1
-1
2827
7320
-1
5110
-1
6489
7515
1776
-1
5070
8334
-1
-1
-1
-1
7463
-1
-1
3511
2676
7819
-1
-1
2662
2280
6351
4211
-1
-1
-1
7860
-1
-1
-1
-1
-1
-1
-1
-1
-1
4148
-1
-1
-1
-1
4878
7341
1732
-1
2905
-1
-1
2092
-1
1274
-1
-1
-1
3073
-1
6991
7483
6226
-1
5116
-1
-1
-1
7673
-1
-1
-1
7299
-1
-1
-1
8370
8020
3840
6432
-1
-1
-1
4717
-1
8519
-1
5828
-1
-1
-1
-1
-1
4335
-1
-1
-1
2727
-1
-1
-1
-1
6719
-1
-1
1445
1490
-1
-1
-1
5094
-1
5839
8406
-1
-1
3866
-1
6026
-1
-1
-1
-1
-1
7335
6965
-1
-1
2866
-1
5132
8397
8210
-1
2512
3650
-1
2180
-1
-1
1269
7359
8411
-1
-1
-1
7599
3357
-1
-1
5172
-1
3871
3102
-1
2711
4072
-1
-1
3047
-1
-1
-1
-1
-1
2558
-1
-1
8447
4360
-1
7767
7375
-1
-1
7859
-1
-1
-1
7224
-1
8617
5668
-1
-1
1772
2353
1517
7636
-1
-1
-1
-1
-1
4446
-1
-1
-1
-1
-1
-1
-1
5017
2376
4312
-1
-1
-1
-1
-1
-1
-1
-1
-1
2322
-1
5269
5583
-1
5997
-1
8336
-1
4293
-1
-1
-1
-1
-1
-1
-1
4630
-1
2442
4016
8037
-1
-1
3401
3573
-1
3524
-1
-1
-1
6016
-1
4676
-1
-1
-1
1868
-1
1991
-1
4482
-1
-1
-1
-1
-1
-1
-1
7161
2136
-1
-1
-1
8434
-1
-1
-1
-1
-1
-1
1561
-1
7087
-1
6459
-1
6605
7801
-1
1305
1542
5107
4170
-1
6625
3692
-1
-1
-1
7912
4680
2153
-1
-1
-1
5075
-1
1539
7181
-1
6645
3708
-1
-1
-1
-1
-1
-1
4557
5444
-1
-1
-1
-1
2123
2897
3123
6338
1810
-1
6399
-1
-1
2448
-1
-1
7132
5006
-1
4820
4045
-1
-1
8673
-1
2762
-1
-1
-1
5153
8009
-1
-1
-1
3734
-1
-1
4899
-1
1723
2479
-1
-1
6817
2769
6352
-1
-1
-1
7833
-1
-1
3000
-1
-1
-1
-1
-1
8311
-1
3604
-1
5731
-1
8712
-1
-1
5675
6418
1609
4135
5989
6228
-1
6699
-1
7842
-1
-1
1916
7403
6470
-1
-1
-1
2466
6388
-1
-1
1630
5541
-1
-1
8372
2884
-1
-1
-1
2785
-1
3192
-1
-1
7405
-1
-1
3550
2581
-1
-1
-1
-1
-1
6128
5081
4785
3380
3655
-1
-1
-1
8568
-1
-1
-1
5710
1970
-1
-1
-1
6265
-1
-1
6227
7640
2357
-1
-1
-1
-1
-1
-1
-1
3242
4504
2959
-1
5844
-1
-1
-1
-1
-1
-1
1742
-1
5579
-1
-1
-1
3089
6438
5469
-1
-1
-1
-1
-1
-1
2636
-1
2115
1382
1458
-1
-1
8205
-1
4022
3214
2538
-1
-1
6298
-1
5057
-1
-1
-1
8187
-1
-1
-1
2170
-1
-1
-1
3939
6676
-1
-1
-1
5552
-1
6843
-1
-1
1788
-1
6641
-1
-1
5783
-1
-1
2048
2673
-1
6420
-1
6492
-1
2390
-1
-1
-1
6871
-1
2306
-1
6174
4142
8261
8033
-1
2010
7101
5626
4253
-1
-1
-1
-1
6872
-1
-1
-1
-1
-1
-1
-1
5746
-1
-1
-1
6315
5548
4489
-1
4478
8074
-1
-1
4597
3531
-1
-1
1611
-1
6850
-1
-1
-1
-1
-1
-1
-1
4121
-1
1684
4608
1812
-1
-1
-1
-1
-1
3008
6098
-1
-1
8087
-1
2560
-1
2854
-1
8696
5085
-1
-1
-1
-1
-1
2493
-1
2380
-1
-1
-1
-1
6977
-1
4425
3300
6976
-1
-1
-1
7999
-1
-1
3346
-1
-1
-1
-1
-1
-1
7329
-1
-1
7519
-1
-1
-1
-1
-1
3351
1570
4621
2352
-1
-1
-1
-1
-1
-1
-1
1790
6734
3232
-1
1508
-1
-1
-1
-1
8145
7721
8521
8685
-1
-1
6176
8375
-1
-1
-1
2146
-1
-1
-1
-1
5369
3416
-1
-1
5937
-1
2031
-1
-1
-1
-1
-1
6028
-1
-1
-1
7380
8177
-1
6766
2486
2774
7342
-1
-1
-1
6021
3578
-1
5362
-1
-1
3592
-1
-1
4383
4292
-1
6458
-1
-1
-1
7109
-1
-1
-1
-1
-1
-1
3607
5304
-1
7679
-1
4385
-1
-1
-1
-1
-1
-1
-1
-1
-1
-1
-1
4518
2773
-1
-1
-1
-1
-1
-1
-1
-1
2941
-1
-1
-1
2522
-1
3402
-1
-1
-1
8562
4120
7806
-1
-1
-1
7936
-1
5456
-1
-1
-1
4558
-1
-1
-1
5578
3853
-1
1928
3076
-1
-1
3458
-1
5195
-1
1872
6887
6416
-1
-1
-1
-1
-1
-1
-1
5074
-1
-1
-1
8248
-1
-1
-1
-1
-1
-1
-1
-1
-1
-1
-1
-1
-1
-1
-1
3628
-1
-1
1869
-1
-1
-1
-1
-1
-1
-1
-1
8499
7949
-1
-1
-1
4206
-1
3552
5707
7811
-1
-1
7247
-1
-1
-1
-1
6803
-1
-1
-1
-1
6362
-1
-1
7468
2653
-1
-1
-1
5432
-1
-1
-1
-1
7158
7983
3830
4993
-1
-1
8328
5313
-1
-1
-1
5640
8605
4364
-1
4874
3434
-1
4194
-1
5082
-1
1744
-1
-1
7857
2214
4996
3234
-1
-1
1674
-1
-1
-1
4548
-1
-1
-1
-1
-1
7851
-1
-1
-1
-1
-1
-1
-1
-1
2434
-1
8514
7502
-1
4391
-1
3205
-1
-1
-1
4346
2445
1789
3508
-1
-1
-1
-1
7855
-1
-1
1952
1334
-1
1605
5374
-1
8740
-1
-1
3910
-1
-1
-1
-1
-1
-1
7944
-1
-1
-1
3355
-1
8389
-1
2836
-1
-1
2403
3151
7205
2529
-1
-1
-1
7528
6890
-1
7611
8094
-1
-1
-1
7447
-1
7671
-1
1429
-1
-1
-1
3825
-1
2562
6841
-1
-1
-1
-1
-1
-1
-1
3729
-1
-1
-1
-1
-1
2134
-1
-1
7349
-1
-1
5878
5010
-1
-1
4168
8472
-1
3661
-1
7560
-1
2160
-1
4444
5572
-1
4230
-1
-1
-1
6127
5542
2793
-1
3077
4983
-1
-1
-1
-1
6091
3278
8431
-1
2452
-1
-1
-1
6978
-1
-1
1893
-1
7152
-1
3194
-1
-1
-1
5302
-1
-1
-1
-1
-1
2114
-1
-1
-1
-1
-1
-1
-1
-1
-1
-1
1497
-1
-1
4963
3783
-1
-1
3445
4234
5174
-1
-1
6670
-1
-1
-1
-1
-1
-1
2268
1852
-1
6193
-1
1344
-1
-1
1968
-1
6003
-1
-1
-1
-1
-1
-1
-1
-1
-1
-1
-1
8420
-1
-1
-1
3977
-1
-1
-1
7009
-1
-1
-1
5970
-1
-1
6320
2028
-1
8045
-1
-1
7063
-1
8104
-1
-1
-1
-1
-1
-1
-1
8294
-1
5080
-1
-1
-1
6167
4104
3929
-1
7418
2140
-1
-1
-1
5662
6738
6633
-1
-1
4930
6911
6083
-1
3580
1924
7169
-1
7788
-1
-1
7684
-1
3436
4834
-1
-1
-1
6782
-1
-1
-1
-1
-1
-1
1368
-1
-1
-1
-1
-1
-1
-1
-1
-1
-1
-1
-1
8077
5658
-1
8271
-1
7516
-1
1808
2713
4918
6250
-1
-1
-1
4296
-1
7123
-1
-1
1351
-1
-1
-1
8537
3699
4698
-1
-1
8666
8239
-1
7682
4090
-1
4825
-1
-1
6564
-1
-1
4301
-1
-1
6498
-1
1500
-1
-1
-1
-1
-1
-1
-1
-1
-1
1518
-1
-1
3254
2541
4748
-1
-1
-1
5983
-1
8550
-1
5096
-1
-1
-1
-1
-1
-1
1747
2176
4840
-1
-1
3882
-1
1321
-1
2297
5372
3616
2869
7378
5532
1786
-1
-1
-1
1950
-1
-1
-1
-1
4459
-1
-1
6160
-1
-1
7628
4620
-1
-1
-1
-1
2666
-1
-1
2685
-1
7576
8080
8386
-1
-1
7602
1461
-1
-1
-1
-1
-1
7869
1370
-1
-1
-1
-1
-1
-1
2895
-1
-1
-1
-1
-1
8006
-1
-1
-1
-1
1763
1922
3054
8100
2295
-1
8046
-1
-1
1904
-1
1255
-1
-1
-1
-1
4180
-1
-1
1780
-1
6170
-1
-1
-1
-1
-1
-1
-1
-1
-1
-1
3763
2062
1251
-1
-1
8657
-1
-1
-1
-1
3588
-1
3048
-1
-1
-1
-1
-1
-1
-1
-1
-1
-1
7662
-1
-1
2664
2764
4474
-1
-1
1496
2464
-1
-1
-1
-1
6690
-1
-1
-1
-1
7644
-1
3423
-1
-1
-1
3410
-1
5182
4069
-1
2798
7861
2804
8709
7639
-1
-1
5186
8171
-1
-1
-1
-1
-1
-1
2389
-1
-1
-1
4822
-1
-1
-1
-1
2401
1530
-1
-1
-1
-1
-1
-1
-1
-1
-1
5232
7275
5926
5738
-1
-1
7038
2660
-1
-1
4160
-1
-1
-1
-1
1514
-1
-1
-1
-1
8188
6065
-1
8038
5227
-1
6200
-1
-1
2591
-1
6882
8746
-1
-1
6107
-1
-1
-1
4631
-1
-1
-1
-1
3904
-1
4585
-1
1860
5258
-1
1278
6659
2754
-1
5451
5590
2072
8207
-1
-1
-1
4961
3061
-1
-1
-1
5028
-1
3281
7666
-1
-1
7590
5375
-1
-1
-1
-1
6072
-1
-1
-1
-1
-1
-1
4515
-1
-1
-1
-1
-1
-1
-1
-1
-1
1258
1578
8155
-1
6578
1953
-1
-1
-1
-1
-1
-1
-1
-1
-1
-1
1607
3484
4777
-1
-1
-1
6090
-1
-1
1355
-1
-1
-1
-1
-1
2949
-1
-1
-1
-1
-1
6822
-1
6427
2645
1293
7984
-1
-1
1735
3648
4316
7466
-1
7340
6942
-1
-1
-1
-1
3966
-1
-1
-1
-1
4503
-1
-1
3749
-1
-1
5862
-1
6027
6885
3985
-1
-1
6062
-1
5382
-1
-1
-1
-1
5958
-1
-1
2728
6102
-1
-1
-1
-1
-1
-1
-1
4373
-1
-1
-1
-1
-1
7258
7201
5494
-1
2550
2006
2344
-1
-1
8256
2220
4282
3759
-1
-1
6860
6707
-1
-1
-1
3544
-1
3727
-1
5120
-1
-1
3504
-1
4582
1336
3149
-1
-1
2463
3713
2204
-1
-1
3451
4202
4088
7980
-1
-1
-1
2311
5975
6325
5190
5895
1638
4143
-1
1672
-1
-1
-1
6921
6292
-1
-1
-1
-1
6473
-1
1998
-1
-1
4675
2012
-1
-1
1979
-1
-1
-1
-1
-1
-1
3725
-1
-1
-1
-1
6495
-1
-1
-1
1301
-1
-1
5166
-1
1404
3204
-1
1519
4593
6125
-1
-1
2539
-1
6619
-1
4812
-1
-1
-1
-1
8424
-1
-1
-1
-1
-1
6546
-1
7817
-1
-1
-1
-1
-1
1316
-1
-1
3903
2185
3676
-1
-1
-1
3536
-1
-1
-1
-1
-1
6675
3632
-1
-1
3665
-1
-1
-1
-1
-1
-1
8588
-1
6624
1843
-1
4371
-1
-1
-1
-1
1595
7433
-1
-1
-1
-1
2950
-1
3634
-1
-1
7520
1662
-1
-1
-1
-1
-1
-1
3152
-1
-1
-1
5214
-1
2708
-1
7534
-1
6744
-1
-1
-1
3961
-1
-1
8202
-1
-1
-1
-1
-1
7126
-1
-1
-1
-1
-1
-1
2237
6778
-1
-1
1999
-1
-1
-1
5736
-1
-1
8195
-1
-1
-1
-1
-1
1467
-1
-1
-1
-1
-1
-1
-1
-1
5457
6772
1873
-1
-1
-1
-1
8378
-1
-1
3019
-1
-1
-1
-1
-1
2288
6808
3337
6395
-1
1617
-1
-1
4571
4225
1612
-1
-1
4778
5774
-1
-1
-1
4800
-1
-1
-1
-1
-1
-1
5646
-1
-1
-1
-1
-1
2053
-1
-1
1958
7344
-1
-1
-1
-1
-1
8628
-1
-1
-1
-1
2689
-1
3569
-1
-1
8497
-1
-1
7091
-1
3738
-1
3513
4551
-1
-1
2491
-1
-1
-1
-1
-1
-1
-1
7886
5877
-1
-1
-1
1271
5678
-1
8166
-1
-1
3669
-1
4711
7023
-1
2972
-1
4386
-1
4082
-1
-1
-1
8085
-1
-1
-1
3940
-1
5971
-1
-1
-1
5173
-1
-1
2831
-1
-1
-1
2345
1521
2440
-1
-1
7367
2449
-1
1811
-1
3085
-1
-1
-1
-1
-1
-1
-1
3680
-1
-1
6461
5649
-1
3040
-1
-1
-1
-1
-1
-1
6463
6396
-1
6468
4455
-1
5599
8359
7925
7108
4077
-1
4333
3540
6366
-1
-1
-1
-1
-1
-1
1926
-1
-1
6929
-1
-1
8340
2363
-1
-1
-1
-1
-1
2255
3350
2125
-1
-1
6631
1492
5741
-1
8330
5205
4240
2903
8092
-1
6915
-1
-1
-1
6035
7897
4353
-1
6151
6555
7014
2693
2514
4547
-1
2638
2495
4221
-1
-1
2484
-1
-1
5672
-1
-1
7807
-1
-1
3454
1644
-1
-1
-1
7924
-1
-1
2169
-1
-1
-1
-1
-1
6780
-1
-1
8317
-1
-1
-1
-1
4243
7713
-1
-1
6494
7500
-1
-1
-1
-1
-1
-1
-1
-1
6232
-1
4456
-1
-1
-1
-1
-1
-1
-1
-1
8103
5442
1658
-1
-1
-1
-1
-1
-1
-1
-1
-1
-1
8687
-1
2704
7583
-1
-1
-1
-1
7494
-1
-1
-1
-1
-1
4622
-1
7665
-1
7467
-1
-1
5340
-1
2888
-1
2042
-1
-1
-1
-1
-1
-1
-1
-1
-1
-1
7527
-1
-1
-1
-1
-1
-1
-1
2800
-1
2369
-1
-1
-1
-1
-1
4397
6509
-1
-1
-1
-1
-1
7071
-1
3067
-1
-1
4099
-1
-1
-1
-1
-1
7149
-1
-1
-1
-1
5321
-1
4706
-1
-1
1831
-1
3620
6696
-1
-1
-1
-1
-1
-1
-1
-1
-1
-1
-1
2395
-1
-1
-1
5912
-1
7379
-1
3183
-1
-1
-1
-1
-1
3372
-1
-1
-1
-1
-1
-1
3817
-1
-1
8637
-1
-1
-1
-1
-1
-1
-1
7056
-1
-1
8079
-1
-1
-1
8540
-1
-1
-1
6562
-1
5191
-1
1983
-1
-1
-1
2035
-1
-1
2057
-1
-1
7939
3667
3127
-1
-1
-1
5880
-1
-1
3464
8680
-1
-1
6931
-1
1466
-1
7830
-1
6145
-1
-1
2113
-1
-1
-1
-1
-1
5692
-1
2792
3189
-1
-1
-1
-1
2622
-1
8159
-1
-1
3169
-1
7402
7439
3641
2256
5046
1405
3538
-1
3164
1870
-1
-1
3715
-1
-1
7655
-1
-1
-1
7313
4976
-1
3627
3476
-1
8049
-1
-1
-1
-1
-1
-1
-1
-1
-1
-1
-1
6309
-1
-1
8564
3980
6064
-1
7382
7419
4156
-1
-1
-1
-1
-1
-1
3944
-1
2585
6956
-1
-1
-1
8109
-1
-1
7176
-1
4395
-1
2697
2137
-1
4295
-1
2696
-1
-1
-1
-1
2130
-1
-1
-1
-1
-1
-1
-1
-1
-1
-1
-1
-1
2239
-1
-1
-1
-1
4231
8286
1562
-1
-1
4575
7674
-1
5630
-1
-1
-1
-1
-1
-1
-1
-1
5922
-1
-1
-1
-1
-1
-1
-1
-1
-1
-1
8663
-1
-1
4378
5500
-1
-1
-1
-1
6382
-1
-1
2025
-1
-1
-1
-1
-1
-1
2191
6381
4806
-1
-1
-1
-1
-1
-1
-1
2370
1797
-1
-1
-1
-1
-1
-1
-1
-1
2505
-1
7929
7146
-1
2471
-1
-1
3643
2024
-1
5967
3074
-1
5784
-1
-1
-1
-1
5020
-1
7696
-1
-1
-1
-1
8344
1528
-1
-1
3888
-1
-1
-1
-1
-1
6988
6140
-1
7948
-1
-1
-1
-1
-1
3631
-1
5669
-1
-1
-1
7465
3147
5007
-1
-1
-1
4155
-1
-1
-1
-1
-1
-1
-1
-1
6726
-1
5036
4535
8484
6178
-1
-1
3118
-1
-1
6685
6938
6650
4543
8144
-1
-1
-1
-1
3184
-1
-1
7007
5090
-1
1535
-1
-1
-1
6002
6512
3033
8691
-1
-1
-1
-1
6626
-1
-1
-1
-1
-1
-1
-1
-1
-1
3170
-1
-1
-1
-1
8675
5233
-1
7619
-1
7774
1990
8168
3182
-1
-1
4811
5168
-1
7623
-1
-1
-1
1270
4692
3373
-1
-1
-1
-1
-1
-1
1721
3926
5666
-1
-1
4837
-1
-1
1751
1447
-1
